-0.0553048 -0.048123 0.121611 -0.0183006 -0.129849 0.0356888 -5.06856 0 -5.06856 0 1 1 1 1
1.19476 1.18562 0.15529 0.17826 -0.0558681 0.0659303 -4.80399 0 -4.80399 0 1 1 1 1
1.24341 -0.0444647 1.31884 -0.431508 0.0493452 -0.0518522 -4.74629 0 -4.74629 0 1 1 1 1
-0.0943298 1.18237 1.40117 -0.0843916 -0.0232284 -0.270064 -4.69684 0 -4.69684 0 1 1 1 1
1.78399 1.823 2.06511 -0.248786 -0.0832248 -0.0681465 -5.01992 0 -5.01992 0 1 1 1 1
1.88186 0.58086 0.7688 0.122971 -0.298604 -0.0142511 -4.94753 0 -4.94753 0 1 1 1 1
0.602714 1.80886 0.815912 0.0336747 0.0934017 -0.0337458 -4.83232 0 -4.83232 0 1 1 1 1
0.539749 0.541949 2.00662 -0.084749 -0.178424 0.0999581 -4.69271 0 -4.69271 0 1 1 1 1
-0.0250263 -0.114937 2.64616 -0.154024 -0.180899 -0.0215256 -4.83066 0 -4.83066 0 1 1 1 1
1.20589 1.13755 2.61388 -0.089135 -0.0708122 0.0722694 -4.9003 0 -4.9003 0 1 1 1 1
1.25804 -0.162909 3.85199 0.126631 0.0379465 -0.0264482 -4.84064 0 -4.84064 0 1 1 1 1
-0.0170597 1.10073 3.84641 0.00858731 0.000334555 0.0365295 -5.01334 0 -5.01334 0 1 1 1 1
1.83458 1.78804 4.46214 0.1821 0.156154 -0.146786 -5.0709 0 -5.0709 0 1 1 1 1
1.85967 0.511632 3.24639 0.135925 -0.0249403 -0.00289577 -4.87858 0 -4.87858 0 1 1 1 1
0.584258 1.76425 3.27168 0.123313 -0.181547 0.174349 -5.04783 0 -5.04783 0 1 1 1 1
0.65288 0.53246 4.47631 0.192419 -0.196373 -0.0232022 -4.8889 0 -4.8889 0 1 1 1 1
0.0209657 -0.0748041 5.11883 -0.0364557 -0.163496 0.278623 -4.72965 0 -4.72965 0 1 1 1 1
1.22623 1.17967 5.08952 -0.0763459 0.0689982 -0.0137535 -5.06066 0 -5.06066 0 1 1 1 1
1.21436 -0.00711067 6.36755 -0.106727 -0.0240287 -0.0156294 -4.78682 0 -4.78682 0 1 1 1 1
0.00165083 1.18807 6.36123 -0.115469 -0.0673436 0.00642024 -4.70322 0 -4.70322 0 1 1 1 1
1.87423 1.77628 6.98182 0.0872392 0.0498198 -0.0209794 -4.85593 0 -4.85593 0 1 1 1 1
1.84846 0.530699 5.68282 0.00977384 -0.147536 0.0166078 -4.91987 0 -4.91987 0 1 1 1 1
0.591515 1.82558 5.70333 -0.163983 0.1612 0.164738 -4.79511 0 -4.79511 0 1 1 1 1
0.550603 0.552981 7.08095 -0.100991 -0.131061 0.0115541 -4.7112 0 -4.7112 0 1 1 1 1
-0.0511893 -0.111995 7.64179 0.127252 0.223935 0.099426 -5.00728 0 -5.00728 0 1 1 1 1
1.23859 1.19504 7.64822 0.160448 0.0049358 0.134862 -4.82943 0 -4.82943 0 1 1 1 1
1.24514 -0.0405001 8.88078 0.0308444 0.111462 -0.0219807 -4.88896 0 -4.88896 0 1 1 1 1
0.0367749 1.20842 8.8755 0.0361011 0.0551752 0.0662875 -4.81683 0 -4.81683 0 1 1 1 1
1.84622 1.79725 9.55401 0.217353 0.0582198 -0.163259 -4.93534 0 -4.93534 0 1 1 1 1
1.88567 0.595261 8.25128 -0.0387559 -0.0265027 0.181629 -4.69926 0 -4.69926 0 1 1 1 1
0.627853 1.87511 8.24614 -0.0328253 0.0137284 0.0401122 -4.63618 0 -4.63618 0 1 1 1 1
0.603181 0.548528 9.49002 -0.0725491 0.0220633 -0.0584926 -4.9886 0 -4.9886 0 1 1 1 1
0.0298496 2.40865 0.133388 -0.00720125 0.0698836 0.0340407 -4.8991 0 -4.8991 0 1 1 1 1
1.19883 3.65995 0.15412 -0.158556 -0.0868116 0.324574 -4.96809 0 -4.96809 0 1 1 1 1
1.25649 2.45395 1.39467 -0.0695949 0.145014 -0.125308 -5.02218 0 -5.02218 0 1 1 1 1
0.0199659 3.67008 1.38328 -0.0241324 0.114609 0.0451307 -4.71348 0 -4.71348 0 1 1 1 1
1.80786 4.33751 2.03346 -0.109044 -0.00884009 0.121836 -5.02351 0 -5.02351 0 1 1 1 1
1.8699 3.07298 0.72997 0.0258751 0.229876 -0.0717326 -4.98976 0 -4.98976 0 1 1 1 1
0.597489 4.34816 0.752588 0.124303 -0.0397866 -0.0389927 -4.92905 0 -4.92905 0 1 1 1 1
0.612254 3.02751 2.01793 0.127703 -0.0635846 0.0709774 -4.8491 0 -4.8491 0 1 1 1 1
-0.0195899 2.38827 2.66415 0.0184626 -0.0306547 -0.0191705 -4.99245 0 -4.99245 0 1 1 1 1
1.22517 3.6854 2.64478 0.104545 0.0697452 -0.122948 -4.97277 0 -4.97277 0 1 1 1 1
1.22381 2.41914 3.8434 0.173568 -0.248142 -0.000372291 -4.96007 0 -4.96007 0 1 1 1 1
-0.00311725 3.72144 3.83926 0.278803 -0.0336643 -0.0309877 -4.77011 0 -4.77011 0 1 1 1 1
1.92705 4.32447 4.57067 0.102502 -0.0876893 0.0885336 -4.76374 0 -4.76374 0 1 1 1 1
1.85782 3.03864 3.23226 -0.0175052 -0.0355245 0.0907109 -4.93548 0 -4.93548 0 1 1 1 1
0.702387 4.36051 3.29901 -0.14912 -0.0959131 -0.0605207 -4.9101 0 -4.9101 0 1 1 1 1
0.589095 3.04828 4.46517 -0.0239697 -0.0140957 0.158465 -5.02653 0 -5.02653 0 1 1 1 1
-0.0202007 2.48458 5.11825 -0.056392 -0.0193725 -0.00224482 -4.97492 0 -4.97492 0 1 1 1 1
1.18667 3.68871 5.07706 -0.0166937 -0.0205243 0.0650289 -4.76449 0 -4.76449 0 1 1 1 1
1.24049 2.38706 6.39284 0.148946 0.183126 -0.0819175 -4.76394 0 -4.76394 0 1 1 1 1
0.0149278 3.70578 6.42079 -0.00641653 -0.0692014 0.035042 -4.74461 0 -4.74461 0 1 1 1 1
1.90264 4.31184 7.02469 -0.0899414 -0.0946279 0.0755392 -4.781 0 -4.781 0 1 1 1 1
1.81208 3.04898 5.71272 0.109 -0.153863 -0.0083485 -4.70606 0 -4.70606 0 1 1 1 1
0.581108 4.32059 5.74514 0.137175 -0.124762 0.0764374 -4.97211 0 -4.97211 0 1 1 1 1
0.622721 3.04284 7.02439 -0.0992267 -0.166549 -0.129995 -4.85757 0 -4.85757 0 1 1 1 1
-0.0830323 2.46448 7.59939 0.100765 -0.0992282 -0.0479455 -4.71347 0 -4.71347 0 1 1 1 1
1.25365 3.6824 7.62175 -0.116216 -0.368599 0.218179 -4.77138 0 -4.77138 0 1 1 1 1
1.24457 2.43723 8.9447 0.100743 -0.0811012 -0.164748 -4.91196 0 -4.91196 0 1 1 1 1
-0.0836328 3.69364 8.87052 0.192578 0.162284 0.239222 -4.86483 0 -4.86483 0 1 1 1 1
1.84641 4.24588 9.51678 -0.10579 0.0120648 -0.14321 -4.97852 0 -4.97852 0 1 1 1 1
1.87078 3.04821 8.28415 -0.0977157 -0.109656 -0.000404138 -4.88993 0 -4.88993 0 1 1 1 1
0.589035 4.28097 8.25585 -0.132619 0.0558372 0.0220859 -4.8423 0 -4.8423 0 1 1 1 1
0.570909 3.08527 9.48081 -0.0312821 -0.0546391 -0.0687526 -4.9114 0 -4.9114 0 1 1 1 1
-0.0692508 4.90103 0.116978 0.0237102 -0.127139 -0.0543753 -4.90975 0 -4.90975 0 1 1 1 1
1.23425 6.15397 0.110954 -0.19798 0.147537 -0.0288331 -5.17544 0 -5.17544 0 1 1 1 1
1.22868 4.94679 1.37327 -0.108001 0.041539 0.107634 -5.024 0 -5.024 0 1 1 1 1
-0.038546 6.19218 1.38074 -0.025676 0.0569501 -0.246164 -4.95439 0 -4.95439 0 1 1 1 1
1.81933 6.8174 1.96614 -0.114654 -0.193282 -0.285648 -4.8474 0 -4.8474 0 1 1 1 1
1.87872 5.56559 0.734644 0.0360105 0.0762074 -0.118761 -4.95391 0 -4.95391 0 1 1 1 1
0.566947 6.741 0.687058 -0.0181716 0.0306814 0.00404624 -5.00457 0 -5.00457 0 1 1 1 1
0.616331 5.56522 1.99102 -0.116155 -0.0608422 0.028126 -4.81008 0 -4.81008 0 1 1 1 1
0.010115 4.90079 2.65704 0.00859127 0.196374 0.120436 -4.78639 0 -4.78639 0 1 1 1 1
1.25945 6.19479 2.59071 0.287091 -0.177923 -0.0828424 -5.03553 0 -5.03553 0 1 1 1 1
1.33667 4.96306 3.92366 0.0942941 -0.0738115 0.165617 -5.12667 0 -5.12667 0 1 1 1 1
-0.0203589 6.20711 3.88483 0.0436284 0.0591705 -0.0235075 -4.84692 0 -4.84692 0 1 1 1 1
1.78542 6.80184 4.44004 -0.106884 -0.059533 0.0842153 -5.01691 0 -5.01691 0 1 1 1 1
1.86214 5.56926 3.23688 -0.243622 0.173617 -0.0192753 -5.07346 0 -5.07346 0 1 1 1 1
0.588238 6.78774 3.22222 0.184445 -0.106349 0.215277 -4.86727 0 -4.86727 0 1 1 1 1
0.644593 5.57478 4.45821 -0.0615677 -0.127737 -0.0632227 -4.8976 0 -4.8976 0 1 1 1 1
0.0107036 4.97765 5.12851 0.130807 -0.21152 0.0167952 -4.98015 0 -4.98015 0 1 1 1 1
1.27064 6.16074 5.12957 -0.113027 0.0956845 0.26981 -4.9387 0 -4.9387 0 1 1 1 1
1.1809 4.89833 6.42407 -0.126421 -0.0191546 -0.171908 -4.76657 0 -4.76657 0 1 1 1 1
-0.0273575 6.12033 6.35042 0.15981 0.178815 0.134894 -4.76593 0 -4.76593 0 1 1 1 1
1.85961 6.80595 7.04651 -0.132464 -0.0911811 0.0330274 -4.71981 0 -4.71981 0 1 1 1 1
1.84025 5.51168 5.79345 0.0837715 -0.00612526 -0.0917597 -4.63498 0 -4.63498 0 1 1 1 1
0.643892 6.7741 5.75117 -0.00333162 0.0604683 0.104777 -4.85214 0 -4.85214 0 1 1 1 1
0.596977 5.58025 7.0358 -0.0103864 0.101782 0.0100693 -5.04647 0 -5.04647 0 1 1 1 1
-0.017194 4.98154 7.69586 -0.148913 0.0427142 -0.0141879 -4.69538 0 -4.69538 0 1 1 1 1
1.21732 6.17375 7.65158 0.0953373 -0.134239 0.050544 -5.04826 0 -5.04826 0 1 1 1 1
1.20926 4.88806 8.90205 0.131178 0.0268819 0.124196 -4.93178 0 -4.93178 0 1 1 1 1
-0.0231699 6.16906 8.88704 0.0935018 0.179854 0.117397 -4.8294 0 -4.8294 0 1 1 1 1
1.83271 6.82601 9.52351 -0.0547401 0.100679 0.122072 -5.01648 0 -5.01648 0 1 1 1 1
1.80851 5.57717 8.33338 -0.093953 -0.0201371 0.206995 -4.84625 0 -4.84625 0 1 1 1 1
0.585911 6.80435 8.2515 -0.0174533 -0.0492793 0.0426417 -4.75541 0 -4.75541 0 1 1 1 1
0.609096 5.54779 9.50159 0.0499124 0.148682 -0.181985 -4.91109 0 -4.91109 0 1 1 1 1
-0.0670246 7.41355 0.131042 0.0927686 0.113329 0.00641394 -4.83232 0 -4.83232 0 1 1 1 1
1.23547 8.69438 0.102441 0.0169983 0.131757 -0.00817893 -4.78201 0 -4.78201 0 1 1 1 1
1.16448 7.43431 1.30289 0.0163168 0.138804 -0.115103 -4.78583 0 -4.78583 0 1 1 1 1
-0.0425131 8.68958 1.30579 0.12223 -0.131104 -0.0497039 -5.02887 0 -5.02887 0 1 1 1 1
1.8351 9.30355 1.95266 -0.0253804 0.18871 0.03796 -4.96897 0 -4.96897 0 1 1 1 1
1.82545 8.01698 0.70534 -0.00216855 -0.0269813 -0.0749267 -4.92861 0 -4.92861 0 1 1 1 1
0.585878 9.3103 0.712914 -0.182769 0.0792021 -0.0864995 -4.90628 0 -4.90628 0 1 1 1 1
0.600112 8.11382 1.92442 0.185793 -0.180141 0.334861 -4.95665 0 -4.95665 0 1 1 1 1
0.0226992 7.49014 2.61762 -0.160416 0.155676 0.0933385 -4.88028 0 -4.88028 0 1 1 1 1
1.24062 8.69072 2.57978 0.046487 -0.0879174 -0.0236569 -5.01073 0 -5.01073 0 1 1 1 1
1.15822 7.46304 3.86163 -0.0586672 -0.149611 -0.189599 -4.88283 0 -4.88283 0 1 1 1 1
-0.0550949 8.65723 3.94249 0.079211 -0.0547252 -0.0590944 -4.9804 0 -4.9804 0 1 1 1 1
1.87099 9.33599 4.56267 0.0184266 -0.0313333 0.180525 -4.92966 0 -4.92966 0 1 1 1 1
1.8438 8.08397 3.25418 0.00944471 -0.0741232 0.0332486 -4.78567 0 -4.78567 0 1 1 1 1
0.592242 9.20078 3.27235 0.116728 -0.131109 -0.122526 -4.8085 0 -4.8085 0 1 1 1 1
0.596386 8.0394 4.56013 0.0554719 0.0669026 -0.140666 -5.0953 0 -5.0953 0 1 1 1 1
-0.0100708 7.35006 5.10044 -0.0082697 -0.0516099 0.0399325 -4.91234 0 -4.91234 0 1 1 1 1
1.20126 8.70737 5.13529 -0.124601 -0.206223 0.065101 -4.86327 0 -4.86327 0 1 1 1 1
1.20421 7.41634 6.40176 -0.0392165 0.108416 0.105284 -4.95454 0 -4.95454 0 1 1 1 1
-0.0460237 8.67426 6.42556 -0.142403 0.0236386 0.0676558 -4.93659 0 -4.93659 0 1 1 1 1
1.77586 9.34716 7.03674 0.0517157 0.136641 -0.0689762 -4.95407 0 -4.95407 0 1 1 1 1
1.80582 8.03445 5.74709 -0.192429 0.0990651 0.0986 -4.91239 0 -4.91239 0 1 1 1 1
0.586359 9.30884 5.82231 -0.0410257 0.0667184 0.0970234 -4.83526 0 -4.83526 0 1 1 1 1
0.639479 8.09183 6.99819 -0.170194 0.0919576 0.151241 -5.0568 0 -5.0568 0 1 1 1 1
-0.00552654 7.46809 7.58399 0.271533 0.00197958 0.0220477 -4.77216 0 -4.77216 0 1 1 1 1
1.25354 8.68232 7.68898 -0.0303969 0.0236056 0.0755727 -4.83184 0 -4.83184 0 1 1 1 1
1.24147 7.4525 8.84404 -0.150793 -0.280357 -0.159564 -4.6855 0 -4.6855 0 1 1 1 1
-0.0716317 8.65767 8.90302 -0.167072 0.102462 -0.108526 -4.76649 0 -4.76649 0 1 1 1 1
1.889 9.36072 9.50737 -0.126132 0.349294 0.24264 -4.85669 0 -4.85669 0 1 1 1 1
1.9385 8.06267 8.26377 -0.0397864 -0.0915351 0.0320192 -4.84997 0 -4.84997 0 1 1 1 1
0.588809 9.29995 8.30857 0.0958101 0.0387867 0.295388 -4.68734 0 -4.68734 0 1 1 1 1
0.598239 8.04377 9.50667 0.00864476 -0.116752 -0.00489961 -4.68102 0 -4.68102 0 1 1 1 1
2.52716 0.00332293 0.096285 0.12971 -0.0964769 0.0695025 -4.91764 0 -4.91764 0 1 1 1 1
3.73388 1.21912 0.139533 0.0626844 -0.111804 -0.026059 -4.6881 0 -4.6881 0 1 1 1 1
3.6728 -0.0807726 1.34529 0.0601081 0.0120427 -0.0252728 -4.9467 0 -4.9467 0 1 1 1 1
2.46753 1.21403 1.41554 -0.278621 -0.0126661 -0.0105647 -4.8063 0 -4.8063 0 1 1 1 1
4.31504 1.82364 2.04455 0.265773 0.040964 0.112789 -4.79494 0 -4.79494 0 1 1 1 1
4.3544 0.536894 0.787871 -0.106774 -0.153622 0.243117 -4.75838 0 -4.75838 0 1 1 1 1
3.08858 1.78698 0.783524 -0.0115973 -0.260614 -0.196067 -4.99592 0 -4.99592 0 1 1 1 1
3.10174 0.53555 2.02161 -0.0834574 0.00815635 -0.0263049 -4.81674 0 -4.81674 0 1 1 1 1
2.46702 -0.105083 2.62771 -0.211319 -0.341587 0.0255388 -4.95399 0 -4.95399 0 1 1 1 1
3.68843 1.19686 2.64402 -0.172716 0.302176 0.076726 -5.0325 0 -5.0325 0 1 1 1 1
3.7649 0.0507517 3.86963 0.130491 -0.0722543 -0.207136 -4.946 0 -4.946 0 1 1 1 1
2.45775 1.16411 3.87356 0.190254 -0.021955 0.129067 -5.10004 0 -5.10004 0 1 1 1 1
4.34319 1.84489 4.48375 -0.0953299 -0.226603 -0.0967559 -5.05866 0 -5.05866 0 1 1 1 1
4.38591 0.628872 3.2232 0.0365289 0.128713 -0.188961 -5.07213 0 -5.07213 0 1 1 1 1
3.0442 1.80737 3.26313 -0.190398 -0.0107737 -0.0289277 -4.92385 0 -4.92385 0 1 1 1 1
3.10983 0.609093 4.52915 -0.111837 0.130748 -0.0592508 -4.92326 0 -4.92326 0 1 1 1 1
2.57451 -0.0917031 5.18229 -0.233024 -0.247814 -0.0969595 -4.89786 0 -4.89786 0 1 1 1 1
3.76931 1.21941 5.11304 -0.115372 -0.167418 -0.26244 -5.13161 0 -5.13161 0 1 1 1 1
3.69274 -0.0837645 6.32448 -0.0148198 0.152284 0.152805 -5.06545 0 -5.06545 0 1 1 1 1
2.48509 1.10475 6.36582 -0.101732 0.0765174 -0.00102499 -4.61791 0 -4.61791 0 1 1 1 1
4.39901 1.74299 7.02199 -0.0374666 0.0320835 -0.142424 -4.73738 0 -4.73738 0 1 1 1 1
4.34045 0.551363 5.71708 0.0403948 -0.185962 -0.051913 -4.8776 0 -4.8776 0 1 1 1 1
3.07421 1.78941 5.72501 -0.154396 -0.00293179 -0.0885685 -4.76795 0 -4.76795 0 1 1 1 1
3.1192 0.499125 7.03329 0.139546 -0.229664 0.175436 -5.04866 0 -5.04866 0 1 1 1 1
2.4931 -0.115333 7.63835 0.163968 -0.0982247 0.0135458 -4.70069 0 -4.70069 0 1 1 1 1
3.7056 1.15481 7.60983 -0.0575529 -0.135867 0.006127 -4.96654 0 -4.96654 0 1 1 1 1
3.83431 -0.102474 8.88484 0.0665786 0.209135 0.114014 -4.91349 0 -4.91349 0 1 1 1 1
2.51484 1.23227 8.88381 -0.093852 0.158355 0.127181 -4.67255 0 -4.67255 0 1 1 1 1
4.35624 1.8323 9.47186 0.0322434 -0.0597976 -0.200224 -4.74589 0 -4.74589 0 1 1 1 1
4.37107 0.574759 8.22725 0.161052 0.0695521 -0.173545 -5.00789 0 -5.00789 0 1 1 1 1
3.07075 1.84818 8.19548 0.190371 0.0181197 -0.0592966 -4.91091 0 -4.91091 0 1 1 1 1
3.19076 0.565703 9.46159 -0.00224751 -0.133498 0.0523287 -4.75399 0 -4.75399 0 1 1 1 1
2.47491 2.44335 0.142326 -0.181386 -0.0326415 0.0863377 -5.04699 0 -5.04699 0 1 1 1 1
3.71184 3.6331 0.159919 -0.206991 0.186301 -0.167765 -4.89189 0 -4.89189 0 1 1 1 1
3.7064 2.43502 1.38394 0.119696 -0.0497739 -0.0812439 -4.83545 0 -4.83545 0 1 1 1 1
2.4627 3.76485 1.36132 0.108728 -0.256993 -0.0228007 -4.80418 0 -4.80418 0 1 1 1 1
4.3789 4.33647 1.99089 -0.0423735 0.0112403 0.180119 -5.04887 0 -5.04887 0 1 1 1 1
4.38336 3.05756 0.801077 -0.0264934 0.087263 0.0520886 -4.7315 0 -4.7315 0 1 1 1 1
3.12541 4.33089 0.718738 0.135201 -0.0343726 -0.158976 -5.06871 0 -5.06871 0 1 1 1 1
3.08523 3.12877 1.96019 0.0336816 0.0474298 0.254431 -4.92264 0 -4.92264 0 1 1 1 1
2.49607 2.45877 2.56894 0.30197 -0.0631594 0.0400606 -4.85326 0 -4.85326 0 1 1 1 1
3.68062 3.76751 2.59364 -0.0951957 -0.079177 0.0192876 -4.89291 0 -4.89291 0 1 1 1 1
3.7062 2.43121 3.85757 -0.0856337 0.151996 -0.0382451 -4.8784 0 -4.8784 0 1 1 1 1
2.4698 3.67452 3.85876 0.0523394 -0.0755247 0.0674958 -4.76666 0 -4.76666 0 1 1 1 1
4.34842 4.2809 4.55121 0.0781206 -0.0358003 0.0220205 -5.00859 0 -5.00859 0 1 1 1 1
4.31121 3.10651 3.2378 0.100012 0.115111 -0.112855 -4.77785 0 -4.77785 0 1 1 1 1
3.13539 4.36761 3.27898 0.0159889 -0.20589 -0.0407234 -4.78237 0 -4.78237 0 1 1 1 1
3.04498 3.03333 4.47659 0.0051491 0.331186 -0.117094 -5.1436 0 -5.1436 0 1 1 1 1
2.45831 2.41471 5.11417 0.0550592 -0.0558666 0.159074 -4.96795 0 -4.96795 0 1 1 1 1
3.73716 3.58392 5.07154 0.00140206 0.0550887 -0.107793 -4.94385 0 -4.94385 0 1 1 1 1
3.77085 2.34962 6.37188 -0.0514258 0.0464106 -0.0619705 -4.79558 0 -4.79558 0 1 1 1 1
2.46767 3.66411 6.32599 -0.0182958 0.0539499 -0.0507997 -4.70342 0 -4.70342 0 1 1 1 1
4.3107 4.31126 6.99004 -0.0464764 0.0916234 0.0690449 -5.01315 0 -5.01315 0 1 1 1 1
4.35004 3.00037 5.74064 0.0177816 0.0999048 -0.205327 -5.02872 0 -5.02872 0 1 1 1 1
3.14037 4.2635 5.73817 -0.0911475 0.0221411 0.0758057 -4.87575 0 -4.87575 0 1 1 1 1
3.12348 3.01731 6.94181 0.0293033 -0.128566 -0.0678366 -4.78417 0 -4.78417 0 1 1 1 1
2.45809 2.47917 7.59278 0.00674135 -0.117919 -0.165856 -5.00001 0 -5.00001 0 1 1 1 1
3.67833 3.67227 7.61028 0.00671678 0.0108687 -0.0729995 -4.7232 0 -4.7232 0 1 1 1 1
3.67935 2.46414 8.84376 -0.0902713 0.0527546 0.194551 -4.85348 0 -4.85348 0 1 1 1 1
2.48676 3.70864 8.8529 -0.0785578 0.0886725 -0.128741 -5.01935 0 -5.01935 0 1 1 1 1
4.32745 4.23573 9.4984 -0.0695453 0.0277288 -0.223702 -5.08584 0 -5.08584 0 1 1 1 1
4.31469 3.04295 8.22627 0.0587339 -0.191356 0.0395321 -5.11024 0 -5.11024 0 1 1 1 1
3.05035 4.384 8.18562 -0.218175 -0.168202 -0.16098 -4.7961 0 -4.7961 0 1 1 1 1
3.05398 3.07183 9.49846 0.0876148 0.0553562 -0.188271 -4.96866 0 -4.96866 0 1 1 1 1
2.44336 4.90373 0.122763 -0.0711119 -0.0345512 -0.0654341 -4.97444 0 -4.97444 0 1 1 1 1
3.76849 6.15229 0.11677 -0.0344581 -0.00663441 0.0209258 -4.88075 0 -4.88075 0 1 1 1 1
3.65621 4.9151 1.44305 0.0946504 0.0971656 0.0848678 -4.94626 0 -4.94626 0 1 1 1 1
2.48319 6.22032 1.35357 -0.0257644 -0.242772 0.0811302 -4.99138 0 -4.99138 0 1 1 1 1
4.37277 6.87193 2.0089 -0.182084 0.0627654 0.131561 -4.85736 0 -4.85736 0 1 1 1 1
4.34866 5.51136 0.800246 -0.0861668 -0.226473 0.0955767 -4.74328 0 -4.74328 0 1 1 1 1
3.14303 6.77882 0.757062 -0.173146 -0.235356 0.175184 -5.01458 0 -5.01458 0 1 1 1 1
3.09579 5.61077 2.02722 0.0285308 0.203052 -0.103624 -4.89227 0 -4.89227 0 1 1 1 1
2.48513 4.9362 2.60749 0.0245569 0.295783 -0.104999 -4.91852 0 -4.91852 0 1 1 1 1
3.80203 6.18126 2.63764 -0.0774632 -0.0966571 0.015486 -4.92891 0 -4.92891 0 1 1 1 1
3.76407 4.95652 3.94287 0.0596144 -0.207367 0.109182 -4.89795 0 -4.89795 0 1 1 1 1
2.46994 6.18679 3.86413 -0.100514 0.0507118 -0.0242658 -4.93331 0 -4.93331 0 1 1 1 1
4.35502 6.83636 4.49622 0.06744 0.0482256 0.218638 -5.08904 0 -5.08904 0 1 1 1 1
4.37265 5.57235 3.3035 -0.18247 -0.0400678 0.0355622 -5.16513 0 -5.16513 0 1 1 1 1
3.15167 6.7833 3.24046 -0.0525842 0.213568 0.133794 -4.87358 0 -4.87358 0 1 1 1 1
3.10467 5.61106 4.51026 0.0274045 -0.120114 0.0901271 -4.95236 0 -4.95236 0 1 1 1 1
2.55385 4.96013 5.17576 0.0616485 0.123986 -0.0684915 -4.94319 0 -4.94319 0 1 1 1 1
3.74007 6.21731 5.13318 0.226052 -0.22137 0.100995 -4.88797 0 -4.88797 0 1 1 1 1
3.72383 4.92863 6.34895 -0.0379596 0.0327787 0.00402654 -4.98408 0 -4.98408 0 1 1 1 1
2.48352 6.22774 6.35674 0.0386873 -0.124865 0.121946 -4.61874 0 -4.61874 0 1 1 1 1
4.34202 6.85289 6.96185 -0.0607981 0.0769816 0.123097 -4.86745 0 -4.86745 0 1 1 1 1
4.36009 5.59181 5.79238 0.0214463 -0.121856 -0.0484435 -4.98393 0 -4.98393 0 1 1 1 1
3.08677 6.87082 5.6931 -0.0221664 -0.0209943 0.211894 -4.64865 0 -4.64865 0 1 1 1 1
3.13446 5.61536 6.9746 0.0287036 -0.0116257 -0.208418 -4.6698 0 -4.6698 0 1 1 1 1
2.43724 5.02723 7.60508 0.218183 0.123266 -0.0892003 -4.87284 0 -4.87284 0 1 1 1 1
3.78903 6.17465 7.649 0.0854594 0.0774148 0.00196451 -4.80187 0 -4.80187 0 1 1 1 1
3.70277 4.90737 8.8792 0.190695 -0.0323306 -0.145602 -4.75463 0 -4.75463 0 1 1 1 1
2.46022 6.19645 8.93666 -0.00297516 0.0922433 -0.160698 -4.93968 0 -4.93968 0 1 1 1 1
4.38108 6.79708 9.52874 0.112889 -0.122306 0.0997595 -4.95002 0 -4.95002 0 1 1 1 1
4.3779 5.51515 8.27461 -0.223786 -0.0631818 0.0554814 -4.91404 0 -4.91404 0 1 1 1 1
3.12407 6.74973 8.25918 -0.113467 0.0768379 0.189269 -4.97086 0 -4.97086 0 1 1 1 1
3.10623 5.55177 9.51341 -0.0107372 0.0135665 -0.002733 -4.83188 0 -4.83188 0 1 1 1 1
2.5153 7.39424 0.123361 -0.00506338 -0.0406123 0.330049 -4.88633 0 -4.88633 0 1 1 1 1
3.69346 8.69258 0.0995117 -0.0385755 0.156752 0.0278887 -4.73209 0 -4.73209 0 1 1 1 1
3.69533 7.46103 1.3901 0.0386056 -0.08574 0.0671698 -4.90896 0 -4.90896 0 1 1 1 1
2.43337 8.64513 1.34698 0.0783404 0.0308713 0.0384922 -4.85165 0 -4.85165 0 1 1 1 1
4.25416 9.29867 2.01773 -0.14281 0.0751641 0.0175973 -4.93008 0 -4.93008 0 1 1 1 1
4.32848 8.04059 0.76729 0.0907593 -0.119075 0.121538 -4.79606 0 -4.79606 0 1 1 1 1
3.04135 9.29652 0.723552 0.135092 0.0958914 -0.0788588 -4.8995 0 -4.8995 0 1 1 1 1
3.04789 8.06248 2.04308 0.14678 0.0640158 -0.157457 -4.74445 0 -4.74445 0 1 1 1 1
2.45061 7.39449 2.67117 -0.0736041 0.0534285 -0.188884 -4.69819 0 -4.69819 0 1 1 1 1
3.63144 8.72219 2.6684 0.153493 -0.0387713 -0.269542 -4.9684 0 -4.9684 0 1 1 1 1
3.70441 7.43213 3.9025 -0.234061 0.109275 0.146445 -5.05836 0 -5.05836 0 1 1 1 1
2.44668 8.72186 3.87795 -0.00998061 0.148518 -0.0290096 -4.90009 0 -4.90009 0 1 1 1 1
4.33932 9.37694 4.49862 -0.0219085 -0.0999558 0.101305 -4.96991 0 -4.96991 0 1 1 1 1
4.29842 8.09876 3.27664 -0.119557 0.139359 -0.0852023 -4.66507 0 -4.66507 0 1 1 1 1
3.10175 9.37965 3.32775 -0.0810108 0.0505122 -0.15976 -4.98795 0 -4.98795 0 1 1 1 1
3.07897 8.06499 4.48503 -0.0109031 0.229812 -0.020494 -4.84481 0 -4.84481 0 1 1 1 1
2.38618 7.43534 5.05757 0.186301 -0.200805 0.093793 -4.83303 0 -4.83303 0 1 1 1 1
3.70103 8.71113 5.10961 -0.0894262 0.196462 0.0188136 -4.85549 0 -4.85549 0 1 1 1 1
3.74661 7.48579 6.33983 -0.0528198 -0.227984 0.0957833 -5.02878 0 -5.02878 0 1 1 1 1
2.35656 8.66816 6.41834 0.0861736 -0.0379333 -0.0316736 -4.84179 0 -4.84179 0 1 1 1 1
4.35883 9.36683 6.95723 -0.0405662 0.0205606 0.168028 -5.0908 0 -5.0908 0 1 1 1 1
4.34307 8.05459 5.6828 -0.199955 0.206061 0.101249 -5.07736 0 -5.07736 0 1 1 1 1
3.08379 9.21931 5.81511 0.102108 -0.142726 0.0296352 -5.13477 0 -5.13477 0 1 1 1 1
3.06666 8.03956 6.96194 0.110155 0.0629381 -0.00302251 -4.87178 0 -4.87178 0 1 1 1 1
2.52976 7.42269 7.64819 -0.0912842 -0.0858582 -0.171228 -4.98475 0 -4.98475 0 1 1 1 1
3.7423 8.70107 7.53816 0.141427 0.0115411 0.125486 -4.74365 0 -4.74365 0 1 1 1 1
3.76568 7.37709 8.82924 0.0660339 -0.12683 -0.111062 -4.86729 0 -4.86729 0 1 1 1 1
2.52153 8.71755 8.92115 0.0426841 -0.0492767 0.0880828 -4.73281 0 -4.73281 0 1 1 1 1
4.42147 9.27213 9.5351 0.242988 0.105746 -0.0531849 -4.97103 0 -4.97103 0 1 1 1 1
4.34884 8.0605 8.21473 -0.148502 -0.0451395 -0.0630261 -4.84106 0 -4.84106 0 1 1 1 1
3.20045 9.28068 8.27006 0.0327738 -0.302318 -0.0340203 -4.73084 0 -4.73084 0 1 1 1 1
3.14828 8.00053 9.48271 -0.260861 -0.0458796 0.0368365 -4.78781 0 -4.78781 0 1 1 1 1
5.01906 -0.0516254 0.153907 -0.147101 0.169134 -0.238232 -4.8321 0 -4.8321 0 1 1 1 1
6.20321 1.20593 0.157834 -0.0525118 0.0160777 0.162438 -4.86314 0 -4.86314 0 1 1 1 1
6.20676 -0.0794193 1.38727 -0.170065 0.180628 0.0078066 -4.79768 0 -4.79768 0 1 1 1 1
4.96387 1.16479 1.4113 -0.0991498 0.209317 0.0398693 -4.79026 0 -4.79026 0 1 1 1 1
6.88412 1.86435 2.07464 -0.335453 0.111115 0.139526 -5.07961 0 -5.07961 0 1 1 1 1
6.8354 0.588755 0.789736 0.107375 -0.0715481 0.0570818 -4.73612 0 -4.73612 0 1 1 1 1
5.61657 1.82692 0.828582 0.0446026 0.111674 -0.0896332 -4.95698 0 -4.95698 0 1 1 1 1
5.60203 0.577109 2.0385 0.122577 0.134704 -0.0310125 -4.94581 0 -4.94581 0 1 1 1 1
4.94649 -0.0702031 2.61732 0.120569 -0.0701821 -0.033735 -4.86397 0 -4.86397 0 1 1 1 1
6.26286 1.18505 2.60754 -0.0545161 -0.0498807 -0.0212077 -5.14186 0 -5.14186 0 1 1 1 1
6.20553 -0.112039 3.86898 0.182461 0.151163 0.0642599 -4.85461 0 -4.85461 0 1 1 1 1
5.01593 1.21596 3.87154 0.0858641 -0.0297656 -0.0204897 -4.85913 0 -4.85913 0 1 1 1 1
6.87293 1.81847 4.46674 0.168073 -0.150101 0.0258899 -5.04754 0 -5.04754 0 1 1 1 1
6.84073 0.540875 3.23702 0.112108 0.0238181 -0.078121 -4.7761 0 -4.7761 0 1 1 1 1
5.57342 1.80227 3.16278 -0.013607 -0.338188 0.298481 -5.18564 0 -5.18564 0 1 1 1 1
5.58136 0.50688 4.47682 -0.0268893 0.150144 0.0789712 -5.05491 0 -5.05491 0 1 1 1 1
5.01974 -0.0840518 5.14729 -0.056611 0.0425915 -0.0959628 -5.0365 0 -5.0365 0 1 1 1 1
6.24017 1.15806 5.04207 0.108186 -0.0611654 0.0441655 -4.9423 0 -4.9423 0 1 1 1 1
6.24657 -0.0433199 6.38361 0.167036 -0.204962 0.00510638 -4.80041 0 -4.80041 0 1 1 1 1
5.0036 1.13076 6.36433 0.0438429 0.049245 -0.329598 -4.94336 0 -4.94336 0 1 1 1 1
6.81837 1.88244 6.96285 -0.125289 0.0145043 0.183184 -4.88863 0 -4.88863 0 1 1 1 1
6.83872 0.569722 5.70746 0.207086 0.00896147 -0.233348 -4.79226 0 -4.79226 0 1 1 1 1
5.58928 1.73963 5.69615 0.128191 0.143613 -0.018683 -4.9329 0 -4.9329 0 1 1 1 1
5.60561 0.59263 7.06733 0.0710116 -0.105861 -0.000364463 -4.99763 0 -4.99763 0 1 1 1 1
4.98697 -0.0639124 7.61703 -0.094433 0.0492659 0.0177218 -5.0813 0 -5.0813 0 1 1 1 1
6.27102 1.21409 7.61745 -0.251353 0.202742 0.225097 -5.00019 0 -5.00019 0 1 1 1 1
6.27107 -0.0797436 8.86957 0.117773 -0.130989 -0.154435 -4.73882 0 -4.73882 0 1 1 1 1
4.96578 1.14143 8.91404 0.128797 0.106922 0.145043 -4.83987 0 -4.83987 0 1 1 1 1
6.79653 1.8279 9.49507 0.0156443 0.216033 0.140716 -4.85534 0 -4.85534 0 1 1 1 1
6.89196 0.581979 8.23655 -0.106437 -0.0891248 -0.204347 -4.84785 0 -4.84785 0 1 1 1 1
5.5909 1.78617 8.23221 0.00823006 -0.0743602 -0.00713165 -4.6034 0 -4.6034 0 1 1 1 1
5.65244 0.550459 9.49509 -0.1397 -0.0550765 -0.0396208 -4.88084 0 -4.88084 0 1 1 1 1
4.9847 2.39238 0.14018 -0.101309 0.0207051 -0.052011 -4.7642 0 -4.7642 0 1 1 1 1
6.17428 3.6828 0.0870803 -0.133766 -0.0161471 0.187698 -4.83292 0 -4.83292 0 1 1 1 1
6.23335 2.42407 1.42781 0.136432 -0.0949491 -0.127007 -4.91845 0 -4.91845 0 1 1 1 1
5.00642 3.69372 1.41104 -0.0361369 -0.0162679 0.0209018 -5.17168 0 -5.17168 0 1 1 1 1
6.85387 4.28138 1.97543 0.144962 -0.143408 0.122512 -4.80625 0 -4.80625 0 1 1 1 1
6.80901 3.04851 0.72282 -0.0733974 0.0674056 -0.0495424 -4.68836 0 -4.68836 0 1 1 1 1
5.61644 4.29023 0.781073 -0.0105454 0.0634487 0.0541859 -4.92127 0 -4.92127 0 1 1 1 1
5.58675 3.07736 2.0492 -0.0786913 0.0482268 -0.0516859 -4.94877 0 -4.94877 0 1 1 1 1
4.9587 2.45291 2.65298 -0.124177 0.0889871 -0.197768 -5.16184 0 -5.16184 0 1 1 1 1
6.21289 3.7112 2.67032 -0.0447897 0.0133017 -0.0797339 -4.8045 0 -4.8045 0 1 1 1 1
6.1278 2.38103 3.90518 -0.00652546 -0.0703246 0.080776 -4.71128 0 -4.71128 0 1 1 1 1
4.93296 3.67508 3.88188 0.0816601 -0.103745 0.125159 -4.96089 0 -4.96089 0 1 1 1 1
6.82037 4.31717 4.49624 -0.10294 -0.066042 -0.0632079 -5.05617 0 -5.05617 0 1 1 1 1
6.79096 3.02059 3.2709 0.069535 -0.133982 -0.0969913 -4.72887 0 -4.72887 0 1 1 1 1
5.57662 4.33079 3.29061 -0.0620404 0.0915832 -0.032007 -4.74473 0 -4.74473 0 1 1 1 1
5.55911 3.05976 4.53105 -0.145738 0.0519068 -0.0586854 -4.90403 0 -4.90403 0 1 1 1 1
4.98674 2.39937 5.13456 -0.00289677 0.157819 -0.0427189 -5.26615 0 -5.26615 0 1 1 1 1
6.2221 3.70248 5.12138 -0.176553 0.0590944 0.116076 -4.84315 0 -4.84315 0 1 1 1 1
6.18844 2.44965 6.2963 0.12452 -0.130893 -0.227915 -4.71198 0 -4.71198 0 1 1 1 1
4.92051 3.68894 6.35621 0.0422115 0.108023 -0.0116412 -5.0124 0 -5.0124 0 1 1 1 1
6.89701 4.32533 7.03138 0.00400376 -0.0281661 0.212095 -4.83998 0 -4.83998 0 1 1 1 1
6.89249 3.06965 5.74709 0.0222572 0.169435 0.213774 -4.56305 0 -4.56305 0 1 1 1 1
5.58745 4.28592 5.76772 0.0429904 0.0294938 0.107271 -4.84978 0 -4.84978 0 1 1 1 1
5.58598 3.09989 6.95784 -0.129002 -0.128463 0.0504871 -4.80224 0 -4.80224 0 1 1 1 1
4.98109 2.49222 7.62047 0.127351 -0.142694 -0.112254 -4.74691 0 -4.74691 0 1 1 1 1
6.16718 3.75468 7.61355 -0.176889 0.222103 -0.189203 -4.84488 0 -4.84488 0 1 1 1 1
6.19775 2.45423 8.83992 -0.0508903 -0.0157038 -0.0580272 -4.89683 0 -4.89683 0 1 1 1 1
4.9366 3.6659 8.859 0.136799 -0.138921 -0.00962581 -5.00151 0 -5.00151 0 1 1 1 1
6.81757 4.3452 9.50361 -0.205202 0.098394 -0.229049 -4.93007 0 -4.93007 0 1 1 1 1
6.78744 3.11928 8.21311 -0.00500198 0.194441 0.0600502 -4.86547 0 -4.86547 0 1 1 1 1
5.51753 4.35804 8.2425 -0.205162 0.268812 -0.0141056 -5.04334 0 -5.04334 0 1 1 1 1
5.56051 3.03352 9.48053 -0.116282 -0.263763 0.0631835 -4.94297 0 -4.94297 0 1 1 1 1
4.89722 4.83514 0.147989 0.102544 -0.0282813 0.0244002 -4.78254 0 -4.78254 0 1 1 1 1
6.24394 6.18438 0.159403 -0.187157 0.000643062 0.0799026 -4.94336 0 -4.94336 0 1 1 1 1
6.19515 4.96413 1.41599 -0.190566 0.0484059 0.312651 -4.71467 0 -4.71467 0 1 1 1 1
4.94438 6.21141 1.34608 -0.37316 0.071941 -0.00863424 -4.77119 0 -4.77119 0 1 1 1 1
6.81583 6.80244 2.00334 0.23112 0.0770451 0.173209 -4.94042 0 -4.94042 0 1 1 1 1
6.84892 5.50058 0.695109 -0.103871 0.0410727 0.107918 -5.00154 0 -5.00154 0 1 1 1 1
5.66377 6.83669 0.793243 -0.047716 -0.178927 0.0143531 -4.823 0 -4.823 0 1 1 1 1
5.5177 5.55178 2.0101 -0.106084 -0.0921919 -0.104689 -5.01727 0 -5.01727 0 1 1 1 1
4.94812 4.96243 2.65072 -0.0412294 -0.046428 0.00141249 -5.1844 0 -5.1844 0 1 1 1 1
6.15673 6.19842 2.62848 0.0177659 -0.0188019 0.0640579 -4.7044 0 -4.7044 0 1 1 1 1
6.21529 4.97819 3.90478 0.0375412 0.0314396 0.291208 -4.83859 0 -4.83859 0 1 1 1 1
4.98768 6.22138 3.88389 0.135429 0.00250511 0.251468 -5.07091 0 -5.07091 0 1 1 1 1
6.85905 6.88048 4.51098 0.0557397 0.120892 0.0618114 -4.75257 0 -4.75257 0 1 1 1 1
6.81333 5.56059 3.21257 -0.0196002 0.0626217 0.0724477 -4.8261 0 -4.8261 0 1 1 1 1
5.55779 6.87105 3.26849 0.0701075 -0.0387123 -0.0723098 -4.9782 0 -4.9782 0 1 1 1 1
5.57207 5.58011 4.55235 -0.0800671 -0.0504236 -0.153349 -4.84112 0 -4.84112 0 1 1 1 1
4.95495 4.93389 5.17755 -0.00892823 -0.0651065 -0.108432 -4.86947 0 -4.86947 0 1 1 1 1
6.24778 6.1918 5.10944 -0.190747 0.0738915 -0.0279398 -4.82496 0 -4.82496 0 1 1 1 1
6.28627 4.91843 6.37157 -0.163373 0.172074 -0.0598 -4.77554 0 -4.77554 0 1 1 1 1
4.98026 6.19889 6.40484 -0.0347471 0.00643759 0.129818 -5.05749 0 -5.05749 0 1 1 1 1
6.84788 6.75395 7.03816 -0.0234276 0.117037 -0.202522 -4.87422 0 -4.87422 0 1 1 1 1
6.88423 5.55323 5.74917 0.0499688 -0.0163553 -0.0797786 -4.89492 0 -4.89492 0 1 1 1 1
5.61805 6.78881 5.75349 0.278802 0.146024 0.0591086 -4.84549 0 -4.84549 0 1 1 1 1
5.61666 5.54363 6.97795 0.147721 0.00488505 0.128668 -4.90434 0 -4.90434 0 1 1 1 1
4.95749 4.93383 7.57636 -0.181679 -0.060156 0.000646652 -5.17503 0 -5.17503 0 1 1 1 1
6.1808 6.16544 7.65131 -0.0312046 -0.188033 -0.0167356 -4.93689 0 -4.93689 0 1 1 1 1
6.14457 4.94474 8.89901 -0.144926 -0.0609991 0.0749034 -4.97154 0 -4.97154 0 1 1 1 1
4.9797 6.16006 8.89524 -0.0385492 0.0386871 -0.130412 -4.85804 0 -4.85804 0 1 1 1 1
6.87633 6.74511 9.47721 -0.097602 -0.0646076 0.00409914 -4.94987 0 -4.94987 0 1 1 1 1
6.79147 5.57993 8.31163 -0.122413 -0.0979449 0.0489844 -4.98941 0 -4.98941 0 1 1 1 1
5.6016 6.83244 8.29787 0.0663651 -0.0725854 0.128714 -4.67835 0 -4.67835 0 1 1 1 1
5.56865 5.54082 9.57539 -0.00107602 -0.0656834 -0.054136 -4.68186 0 -4.68186 0 1 1 1 1
4.97839 7.43822 0.158519 0.115676 -0.175624 0.00243168 -4.81999 0 -4.81999 0 1 1 1 1
6.2093 8.65944 0.103161 -0.0942723 -0.00997934 0.109971 -4.7984 0 -4.7984 0 1 1 1 1
6.26395 7.48477 1.38627 0.0383461 -0.00327869 -0.0946793 -5.20826 0 -5.20826 0 1 1 1 1
4.90652 8.74403 1.3872 -0.0685518 0.172401 -0.0935567 -4.85589 0 -4.85589 0 1 1 1 1
6.88918 9.31651 1.96561 -0.11789 0.00377109 -0.123497 -4.94704 0 -4.94704 0 1 1 1 1
6.87342 8.04782 0.726551 0.0443812 0.0687625 0.00833948 -4.9758 0 -4.9758 0 1 1 1 1
5.61279 9.28456 0.748324 0.21788 -0.0395477 -0.0973318 -4.94016 0 -4.94016 0 1 1 1 1
5.59435 8.10507 1.93332 0.0669153 0.0788287 0.0424396 -4.81642 0 -4.81642 0 1 1 1 1
4.96258 7.5128 2.6197 -0.0849714 -0.0718705 0.0796514 -4.78368 0 -4.78368 0 1 1 1 1
6.20406 8.74989 2.58678 0.123635 0.148889 -0.104745 -4.82731 0 -4.82731 0 1 1 1 1
6.22823 7.44388 3.85972 -0.189825 0.0632383 0.0394628 -4.94767 0 -4.94767 0 1 1 1 1
4.92639 8.71984 3.93249 0.0149509 -0.0731 -0.0203575 -4.8812 0 -4.8812 0 1 1 1 1
6.8268 9.26872 4.52693 0.0397637 0.00963131 0.0489553 -4.83103 0 -4.83103 0 1 1 1 1
6.80422 8.08549 3.19909 0.164657 -0.0941964 0.115748 -4.85398 0 -4.85398 0 1 1 1 1
5.55216 9.3146 3.2384 0.0714107 0.103386 0.125046 -4.93839 0 -4.93839 0 1 1 1 1
5.59501 8.08236 4.50679 0.198965 0.107598 -0.0484503 -4.62581 0 -4.62581 0 1 1 1 1
5.00447 7.41961 5.12175 -0.163668 0.0691225 -0.14155 -4.99071 0 -4.99071 0 1 1 1 1
6.20549 8.70398 5.22422 -0.0518954 0.0186075 0.0864193 -4.89468 0 -4.89468 0 1 1 1 1
6.25284 7.42091 6.38722 -0.0907104 0.052613 -0.13904 -4.72224 0 -4.72224 0 1 1 1 1
4.91317 8.66054 6.37636 0.00253559 0.168714 0.173656 -5.03783 0 -5.03783 0 1 1 1 1
6.8041 9.30105 7.03928 0.051704 0.0982698 0.00353457 -4.98779 0 -4.98779 0 1 1 1 1
6.84034 8.03255 5.72492 -0.111335 -0.110698 -0.0960985 -5.0931 0 -5.0931 0 1 1 1 1
5.58337 9.32301 5.84462 -0.194 -0.165239 0.169192 -5.06723 0 -5.06723 0 1 1 1 1
5.5689 8.05614 6.96818 0.0997957 -0.0152747 -0.198582 -4.98188 0 -4.98188 0 1 1 1 1
4.99252 7.43818 7.61676 0.0513999 -5.33662e-05 -0.0806926 -4.92103 0 -4.92103 0 1 1 1 1
6.17429 8.66262 7.62742 0.260102 -0.0505714 0.0811881 -4.95664 0 -4.95664 0 1 1 1 1
6.29743 7.43819 8.90304 0.125996 -0.0103105 -0.0520241 -5.00464 0 -5.00464 0 1 1 1 1
4.96159 8.67083 8.85043 -0.0145615 0.130167 0.0383381 -5.09919 0 -5.09919 0 1 1 1 1
6.86911 9.30105 9.5382 0.0739248 -0.205011 0.0832915 -4.82763 0 -4.82763 0 1 1 1 1
6.82609 8.02059 8.19986 -0.0801378 -0.0736999 0.0163007 -4.96234 0 -4.96234 0 1 1 1 1
5.58903 9.31494 8.271 0.210022 -0.108738 -0.0545307 -4.90299 0 -4.90299 0 1 1 1 1
5.57683 8.02177 9.46399 -0.120001 -0.0644959 0.181573 -4.80257 0 -4.80257 0 1 1 1 1
7.46197 -0.0211206 0.158043 0.0551455 0.180905 -0.222571 -4.78675 0 -4.78675 0 1 1 1 1
8.69294 1.1749 0.121894 0.0140606 0.00277534 -0.0591353 -4.83716 0 -4.83716 0 1 1 1 1
8.73307 -0.0831116 1.38805 0.131381 -0.20904 0.0878172 -4.71184 0 -4.71184 0 1 1 1 1
7.4911 1.23811 1.41096 0.0113962 -0.0285591 -0.00309586 -4.75442 0 -4.75442 0 1 1 1 1
9.27765 1.82188 2.05361 0.109875 -0.230775 0.172312 -4.68486 0 -4.68486 0 1 1 1 1
9.33257 0.545634 0.740371 -0.233624 0.048535 -0.0660064 -5.0033 0 -5.0033 0 1 1 1 1
8.09823 1.85095 0.755161 0.0560379 -0.058602 0.281194 -4.77038 0 -4.77038 0 1 1 1 1
8.08723 0.556234 1.99195 -0.0343682 -0.183925 0.171582 -4.80797 0 -4.80797 0 1 1 1 1
7.51002 -0.114167 2.62591 0.0417532 -0.330379 0.162723 -4.72823 0 -4.72823 0 1 1 1 1
8.71611 1.12941 2.68607 0.0618278 -0.120515 0.0585119 -4.75878 0 -4.75878 0 1 1 1 1
8.67384 -0.102054 3.9474 0.0158596 -0.140647 0.211786 -4.93683 0 -4.93683 0 1 1 1 1
7.44022 1.11254 3.91289 0.136735 0.166458 -0.0334271 -5.01338 0 -5.01338 0 1 1 1 1
9.42945 1.80167 4.45874 -0.106738 0.117541 0.140932 -4.77982 0 -4.77982 0 1 1 1 1
9.32119 0.455614 3.28949 -0.043222 -0.032831 -0.140963 -4.92596 0 -4.92596 0 1 1 1 1
8.09684 1.75749 3.32163 0.203649 -0.0651784 -0.18982 -4.91002 0 -4.91002 0 1 1 1 1
8.10392 0.555889 4.56538 -0.0604066 -0.386395 0.0609017 -4.96285 0 -4.96285 0 1 1 1 1
7.47776 -0.110477 5.12926 0.132007 0.219969 0.0856404 -4.94198 0 -4.94198 0 1 1 1 1
8.76655 1.21358 5.1323 0.0336773 0.120372 0.119432 -4.73772 0 -4.73772 0 1 1 1 1
8.72731 -0.0415886 6.37565 0.0368003 0.108321 -0.00657848 -4.8491 0 -4.8491 0 1 1 1 1
7.45435 1.23697 6.33471 -0.151723 -0.0665843 -0.0754618 -4.72931 0 -4.72931 0 1 1 1 1
9.34808 1.80353 6.98012 0.228958 -0.221464 0.154521 -4.92572 0 -4.92572 0 1 1 1 1
9.37443 0.552961 5.72965 0.0595138 -0.0167464 0.0460388 -4.81608 0 -4.81608 0 1 1 1 1
8.10983 1.84166 5.732 0.263728 -0.0315603 6.00324e-05 -4.98126 0 -4.98126 0 1 1 1 1
8.05158 0.568064 6.95672 -0.081871 -0.106534 0.0554754 -4.84455 0 -4.84455 0 1 1 1 1
7.47891 -0.0556665 7.60398 -0.021992 -0.0484676 0.0464657 -4.85374 0 -4.85374 0 1 1 1 1
8.68376 1.22162 7.59185 0.0722092 0.0513864 -0.283441 -4.74433 0 -4.74433 0 1 1 1 1
8.74575 0.0380289 8.86271 0.119523 0.0553842 -0.0150334 -4.61855 0 -4.61855 0 1 1 1 1
7.46445 1.28593 8.83325 -0.127182 -0.0419174 -0.0774316 -4.90083 0 -4.90083 0 1 1 1 1
9.3577 1.79765 9.53446 -0.049991 0.0386588 -0.0652324 -4.79125 0 -4.79125 0 1 1 1 1
9.38796 0.644895 8.21187 -0.0387295 0.187005 -0.000287182 -4.68586 0 -4.68586 0 1 1 1 1
8.14729 1.86825 8.27884 0.0893969 -0.0544894 -0.0643437 -4.85085 0 -4.85085 0 1 1 1 1
8.05341 0.600045 9.47956 0.0886106 -0.0799713 -0.288078 -4.7781 0 -4.7781 0 1 1 1 1
7.44073 2.4437 0.114809 0.170242 0.0816245 0.422483 -4.92877 0 -4.92877 0 1 1 1 1
8.68856 3.67223 0.132907 -0.0412987 -0.114968 0.00159228 -5.05571 0 -5.05571 0 1 1 1 1
8.74201 2.47745 1.36382 0.193487 -0.226375 -0.0140278 -4.75976 0 -4.75976 0 1 1 1 1
7.49262 3.65713 1.36783 0.261655 -0.149661 -0.0527361 -4.94724 0 -4.94724 0 1 1 1 1
9.39301 4.33093 1.98089 0.0061514 -0.166544 0.0439289 -4.86541 0 -4.86541 0 1 1 1 1
9.37236 3.05945 0.705756 -0.139549 0.180089 0.151388 -4.75372 0 -4.75372 0 1 1 1 1
8.1351 4.30814 0.819335 -0.0174068 -0.00793256 -0.0177874 -5.05414 0 -5.05414 0 1 1 1 1
8.10299 3.09368 2.02645 0.206305 -0.235383 0.245387 -4.93343 0 -4.93343 0 1 1 1 1
7.52272 2.44216 2.69132 -0.19101 0.204222 0.0896569 -4.84521 0 -4.84521 0 1 1 1 1
8.74855 3.6978 2.6189 0.170119 -0.137849 0.484157 -4.78102 0 -4.78102 0 1 1 1 1
8.75099 2.38609 3.86842 0.0607255 -0.0823007 0.125844 -4.91858 0 -4.91858 0 1 1 1 1
7.42016 3.69178 3.8348 -0.136005 -0.045482 -0.311299 -4.79724 0 -4.79724 0 1 1 1 1
9.41273 4.31841 4.51691 0.0351079 0.0157461 -0.0276718 -4.90938 0 -4.90938 0 1 1 1 1
9.37354 3.02955 3.24861 -0.159616 -0.0947216 0.137595 -4.79968 0 -4.79968 0 1 1 1 1
8.10131 4.31513 3.22987 -0.0291856 -0.141969 0.0790328 -4.71351 0 -4.71351 0 1 1 1 1
8.10106 3.09223 4.42891 0.118583 -0.0520084 -0.0837214 -4.54808 0 -4.54808 0 1 1 1 1
7.50721 2.41858 5.08099 0.192861 0.106058 -0.0257088 -4.84337 0 -4.84337 0 1 1 1 1
8.70525 3.71937 5.12068 -0.125093 0.00800384 -0.106167 -4.76304 0 -4.76304 0 1 1 1 1
8.74514 2.4671 6.35842 0.121811 0.182923 -0.159827 -4.64615 0 -4.64615 0 1 1 1 1
7.50983 3.73277 6.36762 -0.15472 -0.0444975 0.139463 -4.93237 0 -4.93237 0 1 1 1 1
9.34897 4.3335 7.03287 0.163488 0.027463 -0.0118472 -4.65669 0 -4.65669 0 1 1 1 1
9.35589 3.13583 5.72954 0.214823 0.0527253 -0.0480858 -4.75019 0 -4.75019 0 1 1 1 1
8.10844 4.38727 5.7316 0.0551999 0.0514878 0.0251539 -4.95855 0 -4.95855 0 1 1 1 1
8.04901 3.06369 6.98449 0.0184302 0.197609 -0.153641 -4.86132 0 -4.86132 0 1 1 1 1
7.4316 2.44799 7.63432 0.0974689 0.00714933 0.117811 -4.72845 0 -4.72845 0 1 1 1 1
8.617 3.74639 7.61817 -0.026579 0.125197 -0.132156 -4.86831 0 -4.86831 0 1 1 1 1
8.78528 2.46715 8.92082 0.175958 0.117694 0.233948 -4.79961 0 -4.79961 0 1 1 1 1
7.40994 3.66266 8.9179 -0.179372 0.0133705 0.0468031 -4.9241 0 -4.9241 0 1 1 1 1
9.28457 4.32306 9.49128 0.116198 -0.00516082 0.216506 -4.92148 0 -4.92148 0 1 1 1 1
9.27041 3.12799 8.2031 0.189774 -0.0561166 0.0965622 -4.8108 0 -4.8108 0 1 1 1 1
8.04104 4.31948 8.31941 -0.215979 0.0980991 0.169612 -5.00923 0 -5.00923 0 1 1 1 1
8.08439 3.08297 9.52186 -0.0084824 0.117615 -0.0295693 -5.02349 0 -5.02349 0 1 1 1 1
7.50174 4.87025 0.14295 0.0134032 -0.0216375 0.0212169 -5.07603 0 -5.07603 0 1 1 1 1
8.73009 6.20239 0.111563 -0.134107 0.0147206 0.175726 -4.88282 0 -4.88282 0 1 1 1 1
8.74597 4.95251 1.4015 0.0725933 -0.0370553 0.333008 -5.05776 0 -5.05776 0 1 1 1 1
7.3842 6.14715 1.38326 -0.15761 0.0604885 -0.112992 -4.93346 0 -4.93346 0 1 1 1 1
9.38655 6.79687 2.06444 -0.283542 -0.0170022 0.034141 -4.76688 0 -4.76688 0 1 1 1 1
9.367 5.56869 0.734669 0.186835 0.0942003 -0.100691 -4.88162 0 -4.88162 0 1 1 1 1
8.04877 6.75472 0.777908 -0.194512 -0.109848 0.00444801 -4.74261 0 -4.74261 0 1 1 1 1
8.08321 5.55848 1.97838 0.0958127 -0.0379943 -0.284881 -4.93311 0 -4.93311 0 1 1 1 1
7.44652 4.92805 2.59037 0.0288922 0.100235 0.028555 -4.84007 0 -4.84007 0 1 1 1 1
8.71654 6.14789 2.62871 -0.274447 -0.234306 0.0827979 -4.72343 0 -4.72343 0 1 1 1 1
8.73517 4.88344 3.9079 0.0591422 0.238034 0.0525023 -4.85896 0 -4.85896 0 1 1 1 1
7.42885 6.18258 3.85872 -0.225817 0.131845 0.0215161 -4.89902 0 -4.89902 0 1 1 1 1
9.29782 6.80805 4.48106 -0.106948 0.145245 0.0510148 -4.89263 0 -4.89263 0 1 1 1 1
9.3726 5.52369 3.26242 0.0980495 -0.266938 -0.226052 -4.63374 0 -4.63374 0 1 1 1 1
8.06328 6.77479 3.24443 0.12133 -0.192234 -0.197816 -4.78594 0 -4.78594 0 1 1 1 1
8.09118 5.56401 4.43318 0.164863 0.00585258 -0.101185 -4.95673 0 -4.95673 0 1 1 1 1
7.47189 4.94071 5.07192 0.0873147 -0.0707018 -0.0487616 -4.99311 0 -4.99311 0 1 1 1 1
8.67831 6.18145 5.10641 -0.0431497 0.171786 0.13974 -4.85372 0 -4.85372 0 1 1 1 1
8.72267 4.9387 6.4184 0.0132888 0.225775 -0.0280398 -4.98055 0 -4.98055 0 1 1 1 1
7.47144 6.19188 6.37927 -0.207966 -0.117503 0.117092 -4.78561 0 -4.78561 0 1 1 1 1
9.37456 6.8269 6.95369 -0.0391902 -0.0456358 0.146211 -4.65344 0 -4.65344 0 1 1 1 1
9.3184 5.53301 5.72644 0.133359 -0.0329192 -0.0866077 -4.87312 0 -4.87312 0 1 1 1 1
8.13875 6.84475 5.75768 0.241552 -0.0123403 -0.0300518 -4.86387 0 -4.86387 0 1 1 1 1
8.07041 5.54203 7.04134 -0.146082 -0.146402 -0.0834724 -4.94239 0 -4.94239 0 1 1 1 1
7.45888 4.98376 7.70657 0.0289353 0.0709976 -0.165208 -4.99664 0 -4.99664 0 1 1 1 1
8.70265 6.22844 7.57597 -0.139919 -0.0211001 0.209214 -4.9256 0 -4.9256 0 1 1 1 1
8.70317 4.97355 8.85178 -0.218518 0.0930171 0.0860624 -4.99191 0 -4.99191 0 1 1 1 1
7.52614 6.18073 8.82786 0.00532512 0.152311 0.182492 -4.97032 0 -4.97032 0 1 1 1 1
9.3366 6.80914 9.47881 -0.13428 -0.106657 -0.0273093 -5.05982 0 -5.05982 0 1 1 1 1
9.27094 5.61617 8.24187 -0.25671 -0.250816 0.197462 -4.95803 0 -4.95803 0 1 1 1 1
8.08708 6.85472 8.22195 0.0620077 0.0940039 0.113474 -4.95685 0 -4.95685 0 1 1 1 1
8.06791 5.56107 9.55119 -0.0594428 -0.147064 -0.0860867 -4.82066 0 -4.82066 0 1 1 1 1
7.46116 7.40484 0.117647 -0.0172839 0.146646 -0.0168949 -4.86973 0 -4.86973 0 1 1 1 1
8.72746 8.68468 0.104263 -0.0212664 0.219386 0.0393035 -5.08827 0 -5.08827 0 1 1 1 1
8.72046 7.35806 1.38508 0.144296 -0.0112331 -0.184247 -4.79518 0 -4.79518 0 1 1 1 1
7.51881 8.64645 1.38614 -0.10565 -0.145926 0.054419 -4.78043 0 -4.78043 0 1 1 1 1
9.34996 9.27457 2.01241 0.119859 -0.0441576 -0.0284496 -4.97255 0 -4.97255 0 1 1 1 1
9.2903 8.04701 0.75129 0.106462 -0.100272 -0.170277 -4.87495 0 -4.87495 0 1 1 1 1
8.09238 9.2893 0.720844 -0.0974731 -0.214602 -0.0216361 -4.76629 0 -4.76629 0 1 1 1 1
8.13553 8.00364 2.0071 -0.0111369 0.0346124 0.0735037 -4.95299 0 -4.95299 0 1 1 1 1
7.45495 7.43513 2.62824 0.151446 0.0223581 0.229763 -4.8295 0 -4.8295 0 1 1 1 1
8.77394 8.63067 2.61411 -0.0323213 -0.330929 -0.0608034 -5.18428 0 -5.18428 0 1 1 1 1
8.68079 7.46451 3.86705 -0.114806 0.0697397 0.151202 -4.6557 0 -4.6557 0 1 1 1 1
7.43428 8.69474 3.84451 -0.0194644 -0.157914 0.114651 -4.9308 0 -4.9308 0 1 1 1 1
9.32108 9.28474 4.54906 0.162837 -0.122103 0.0774234 -4.84916 0 -4.84916 0 1 1 1 1
9.38181 8.03998 3.26769 -0.00306862 -0.124123 0.113595 -5.06298 0 -5.06298 0 1 1 1 1
8.15369 9.23253 3.23423 0.0950309 -0.222156 0.294212 -4.82802 0 -4.82802 0 1 1 1 1
8.10737 8.16521 4.49105 -0.0593853 0.05614 -0.131577 -4.92106 0 -4.92106 0 1 1 1 1
7.53515 7.4843 5.11848 -0.0496641 -8.08803e-05 -0.100187 -4.8759 0 -4.8759 0 1 1 1 1
8.6907 8.69186 5.21879 -0.163531 0.160876 0.148944 -4.97967 0 -4.97967 0 1 1 1 1
8.74658 7.49093 6.34113 0.0510633 -0.129002 0.0803063 -5.04763 0 -5.04763 0 1 1 1 1
7.39742 8.69253 6.39123 -0.0293795 0.111379 0.132713 -4.99819 0 -4.99819 0 1 1 1 1
9.31308 9.30457 7.03353 -0.134842 0.128376 -0.12868 -4.89332 0 -4.89332 0 1 1 1 1
9.3989 8.04195 5.72633 0.0679813 0.0264338 -0.0134791 -4.90626 0 -4.90626 0 1 1 1 1
8.06745 9.31744 5.81721 0.00797478 0.0380025 0.175845 -5.06707 0 -5.06707 0 1 1 1 1
8.0828 8.0933 6.96119 -0.105339 0.234052 0.172681 -4.95956 0 -4.95956 0 1 1 1 1
7.48305 7.45923 7.57043 0.0667672 0.041567 0.069653 -5.06475 0 -5.06475 0 1 1 1 1
8.67606 8.67512 7.67058 -0.2154 0.023997 0.10687 -4.94754 0 -4.94754 0 1 1 1 1
8.70132 7.4534 8.89572 -0.111993 0.150473 0.102315 -4.82089 0 -4.82089 0 1 1 1 1
7.44871 8.65456 8.88474 0.176209 0.153916 -0.0475626 -4.80878 0 -4.80878 0 1 1 1 1
9.31808 9.35188 9.49785 -0.0399851 0.0205666 -0.173945 -4.86714 0 -4.86714 0 1 1 1 1
9.34159 8.0653 8.21971 -0.0668616 -0.161837 0.0976934 -4.89143 0 -4.89143 0 1 1 1 1
8.08927 9.3197 8.30164 -0.0175074 -0.0392003 0.140426 -4.59517 0 -4.59517 0 1 1 1 1
8.0779 8.07555 9.5113 0.0653018 0.285389 -0.0328456 -5.05358 0 -5.05358 0 1 1 1 1
