-2.57852 5.04875 -4.36224 -1.31457 3.95346 0.207614 -2.99712 0 -2.99712 0 1 1 1 1
-10.6865 -4.88812 4.07741 -3.65967 -0.818027 4.31388 -2.84581 0 -2.84581 0 1 1 1 1
1.5477 -6.0455 5.56934 -2.63573 2.79147 -4.82106 -2.98589 0 -2.98589 0 1 1 1 1
2.19892 2.61419 5.19522 4.17353 -2.82643 4.60986 -2.77947 0 -2.77947 0 1 1 1 1
-9.87719 3.73127 -6.07143 0.207196 1.5039 -0.12365 -2.37099 0 -2.37099 0 1 1 1 1
-7.57653 9.47758 2.59723 1.83325 -1.1616 1.06128 -2.76764 0 -2.76764 0 1 1 1 1
6.18476 -7.07357 5.15614 -1.34007 2.6552 0.87397 -2.93645 0 -2.93645 0 1 1 1 1
-4.37607 -11.7972 2.76197 -0.159783 2.45512 0.438977 -2.93102 0 -2.93102 0 1 1 1 1
-11.786 -0.948015 3.1583 3.57385 2.44782 -0.544036 -2.48932 0 -2.48932 0 1 1 1 1
-1.93762 3.11842 1.09671 -1.13536 4.29368 0.0455732 -2.81784 0 -2.81784 0 1 1 1 1
-0.572801 1.93216 3.03739 2.61122 0.176013 -0.141124 -2.54164 0 -2.54164 0 1 1 1 1
-6.35104 -1.21734 3.25669 2.49753 2.5779 -3.98096 -2.97038 0 -2.97038 0 1 1 1 1
0.270955 5.96774 -3.4433 -0.836291 3.36682 0.3243 -2.86447 0 -2.86447 0 1 1 1 1
-3.67981 4.75836 -3.97703 2.7146 -0.36977 5.71466 -2.94776 0 -2.94776 0 1 1 1 1
1.22056 -5.13462 5.3043 -6.68208 2.38621 1.2241 -2.94453 0 -2.94453 0 1 1 1 1
3.02028 -1.45653 -4.75906 -1.7963 2.42769 -1.06334 -2.96101 0 -2.96101 0 1 1 1 1
-8.10519 -0.639557 1.95278 2.49215 0.579217 -2.14116 -2.90516 0 -2.90516 0 1 1 1 1
1.62484 -4.13131 -2.29603 2.63909 0.223492 -0.413639 -2.56648 0 -2.56648 0 1 1 1 1
0.251804 -2.34637 -2.53306 3.95259 -5.91063 8.19266 -2.95211 0 -2.95211 0 1 1 1 1
-2.30072 -0.846902 13.7286 0.920366 -2.98715 0.0574057 -2.64691 0 -2.64691 0 1 1 1 1
-2.36128 4.8396 -9.81164 2.42803 -4.28523 -6.23823 -2.99575 0 -2.99575 0 1 1 1 1
-5.50701 4.11394 5.30452 -1.03975 -2.83782 -3.12265 -2.71926 0 -2.71926 0 1 1 1 1
-11.951 5.42921 7.29964 -3.01274 -0.212404 3.0349 -2.34138 0 -2.34138 0 1 1 1 1
3.66447 -0.58556 -9.01243 -1.62202 3.11234 2.38008 -2.58141 0 -2.58141 0 1 1 1 1
-6.66914 3.63402 -3.49384 -0.875503 -1.81601 3.04301 -2.23821 0 -2.23821 0 1 1 1 1
-6.81469 -1.03124 -1.92761 0.492908 4.1161 -2.76775 -2.78126 0 -2.78126 0 1 1 1 1
2.4 -12.1805 6.40326 -0.662039 2.3815 -2.49726 -2.8123 0 -2.8123 0 1 1 1 1
-6.09253 -3.1138 -0.169278 -3.04722 0.63827 -1.06964 -2.7584 0 -2.7584 0 1 1 1 1
-2.84954 -3.73569 10.831 -0.377753 -2.32402 -2.42109 -2.80792 0 -2.80792 0 1 1 1 1
-3.65695 2.35115 -0.803416 -2.20635 -1.17874 0.863765 -2.9959 0 -2.9959 0 1 1 1 1
5.01048 -12.9146 -3.00622 -3.14926 2.3513 5.23857 -2.87212 0 -2.87212 0 1 1 1 1
-4.65473 -0.0511713 1.36444 -3.00224 -6.02568 1.07766 -2.80682 0 -2.80682 0 1 1 1 1
3.17939 -8.09127 -3.11236 -0.958658 1.51749 -2.9037 -2.14008 0 -2.14008 0 1 1 1 1
-1.51522 -2.9139 -2.02297 5.78147 0.407617 0.716803 -2.95645 0 -2.95645 0 1 1 1 1
-4.45045 -2.56969 -1.63818 -3.95011 -2.69849 1.20031 -2.92934 0 -2.92934 0 1 1 1 1
0.110589 5.87868 1.24253 0.89147 0.749561 9.41517 -2.23263 0 -2.23263 0 1 1 1 1
-2.67536 -9.35757 -1.2658 -5.67389 -3.52991 -0.577937 -2.83732 0 -2.83732 0 1 1 1 1
-15.2901 3.75934 7.71518 0.111424 -2.54894 -0.727074 -2.86851 0 -2.86851 0 1 1 1 1
10.7774 0.557058 -1.96659 4.81796 5.85246 -0.761989 -2.52227 0 -2.52227 0 1 1 1 1
-16.3059 -1.79849 -5.7645 0.230082 1.03178 2.61286 -2.84158 0 -2.84158 0 1 1 1 1
-5.90581 -7.20892 -7.38124 -0.949757 3.67363 -2.54076 -2.89923 0 -2.89923 0 1 1 1 1
-12.9916 2.55221 1.57547 -6.60394 -2.15156 6.03789 -2.72574 0 -2.72574 0 1 1 1 1
2.41237 5.04126 -4.53536 -2.15939 4.64586 1.68036 -2.32632 0 -2.32632 0 1 1 1 1
2.4879 -0.4297 5.60238 -2.66919 -2.44084 7.58508 -2.49051 0 -2.49051 0 1 1 1 1
-2.73483 -0.577658 4.47049 1.85801 1.62652 -2.27877 -2.78118 0 -2.78118 0 1 1 1 1
-1.79469 -3.2129 2.97509 1.25646 1.32244 -4.01086 -2.70757 0 -2.70757 0 1 1 1 1
2.1339 -5.18529 4.21433 3.68778 3.88142 1.47739 -2.74236 0 -2.74236 0 1 1 1 1
2.27948 -1.57914 10.3517 -2.7923 2.64237 2.34361 -2.91024 0 -2.91024 0 1 1 1 1
-5.19409 -2.18561 2.85674 -4.40091 -2.43747 -2.07806 -2.97989 0 -2.97989 0 1 1 1 1
-7.27663 -6.07994 -2.8809 -2.1294 1.69095 -5.21813 -2.9967 0 -2.9967 0 1 1 1 1
0.0972387 6.18617 -1.79141 1.69174 -2.47842 1.63782 -2.95294 0 -2.95294 0 1 1 1 1
9.43224 -4.60198 -0.146221 -0.0786135 0.975927 -3.44536 -2.98323 0 -2.98323 0 1 1 1 1
4.11315 -1.07016 -2.85486 -1.01868 -1.04363 0.758452 -2.53123 0 -2.53123 0 1 1 1 1
-2.04695 10.2532 -6.38656 -0.145578 1.54718 -2.25141 -2.45413 0 -2.45413 0 1 1 1 1
-0.127421 -7.93991 1.13213 -1.88221 -2.07362 -0.453683 -2.7701 0 -2.7701 0 1 1 1 1
-8.54258 -11.9452 -3.08847 4.70371 -1.71237 -0.762297 -2.80573 0 -2.80573 0 1 1 1 1
1.36226 -10.8307 3.44388 -4.3483 2.8074 -4.09618 -2.62638 0 -2.62638 0 1 1 1 1
-1.78499 -1.84829 -1.32445 -6.40104 0.364421 -1.81937 -2.26601 0 -2.26601 0 1 1 1 1
0.186382 -4.44034 -1.41574 3.85465 -0.236388 -0.942388 -2.74778 0 -2.74778 0 1 1 1 1
-15.0939 3.38981 -4.91082 0.240154 -0.314514 2.26874 -2.80235 0 -2.80235 0 1 1 1 1
4.76917 1.50701 -5.05099 -2.05804 1.99318 -2.94445 -2.77442 0 -2.77442 0 1 1 1 1
-4.24857 5.12033 3.48555 -3.95376 -1.62645 -0.994925 -2.98323 0 -2.98323 0 1 1 1 1
-1.93658 -2.21285 3.02463 -4.13341 -0.0869589 0.111967 -2.83994 0 -2.83994 0 1 1 1 1
-8.93255 -4.25135 0.603446 0.143508 2.62968 4.00828 -2.90032 0 -2.90032 0 1 1 1 1
-4.93741 -11.4802 -1.83218 0.30259 2.95199 2.23765 -2.87399 0 -2.87399 0 1 1 1 1
-0.166766 2.28755 1.01744 -1.43989 6.33179 -0.759606 -2.82887 0 -2.82887 0 1 1 1 1
5.13702 -5.52236 3.19854 -1.59122 -3.98907 2.64416 -2.6316 0 -2.6316 0 1 1 1 1
-0.299057 -3.71088 1.56741 -2.20549 -4.46911 2.26835 -2.99555 0 -2.99555 0 1 1 1 1
-0.467761 -0.732038 -2.72922 4.25417 -5.80857 -3.23674 -2.97537 0 -2.97537 0 1 1 1 1
8.17294 1.74108 5.92462 -3.97551 -2.10465 -1.29721 -2.89064 0 -2.89064 0 1 1 1 1
-3.70111 3.34118 7.21731 0.712338 0.816957 1.03447 -2.72796 0 -2.72796 0 1 1 1 1
-16.9218 -5.67388 -11.6605 -0.773256 1.22174 -1.35001 -2.874 0 -2.874 0 1 1 1 1
-7.7742 -2.86522 -0.842907 3.7221 0.108438 3.19824 -2.79694 0 -2.79694 0 1 1 1 1
-1.90243 -9.57123 0.73123 -4.07823 3.22651 -0.563462 -2.72772 0 -2.72772 0 1 1 1 1
2.09912 -3.25056 -1.77525 3.84063 -0.979971 -1.9862 -2.65355 0 -2.65355 0 1 1 1 1
10.7949 2.0123 -2.05657 -0.548707 0.901868 -4.28204 -2.8592 0 -2.8592 0 1 1 1 1
-5.95242 -6.21203 3.88439 -1.22771 -0.60871 -0.402412 -2.89132 0 -2.89132 0 1 1 1 1
-2.25329 -6.59422 3.73598 1.04873 2.02096 -1.18032 -2.64751 0 -2.64751 0 1 1 1 1
3.83029 0.53084 -0.624186 -4.63752 -1.33242 -3.88269 -2.85124 0 -2.85124 0 1 1 1 1
5.62947 -6.83988 6.47032 3.59865 -3.40652 -6.66711 -2.89822 0 -2.89822 0 1 1 1 1
-3.57113 -3.32055 -4.93509 6.41875 1.85318 -2.87244 -2.97219 0 -2.97219 0 1 1 1 1
-0.488724 -5.27253 -1.26364 3.11549 -0.635428 -1.28166 -2.67669 0 -2.67669 0 1 1 1 1
-2.09969 -2.88062 -2.77026 0.750418 -4.35207 -1.59651 -2.91508 0 -2.91508 0 1 1 1 1
-6.80057 3.65546 -1.17182 0.515264 6.89621 -1.28283 -2.99701 0 -2.99701 0 1 1 1 1
-2.51114 -0.138071 8.67965 2.09946 6.2571 0.389507 -2.56735 0 -2.56735 0 1 1 1 1
10.8444 0.984995 -3.70108 -0.355149 0.255017 -5.26374 -2.56409 0 -2.56409 0 1 1 1 1
0.0816481 -9.13452 -5.27699 -3.32346 -6.28276 0.825573 -2.97107 0 -2.97107 0 1 1 1 1
-6.70916 -7.9263 -11.0481 -3.24292 -8.31997 0.644819 -2.99585 0 -2.99585 0 1 1 1 1
1.25965 1.03772 -3.31337 -0.980858 -5.09787 -2.15372 -2.99489 0 -2.99489 0 1 1 1 1
-0.806568 1.63818 -6.68131 -1.51407 -5.73548 -3.8409 -2.61796 0 -2.61796 0 1 1 1 1
-7.52978 -16.4913 8.57574 1.38975 -0.00271387 1.65106 -2.80407 0 -2.80407 0 1 1 1 1
-1.1731 -4.01395 4.04092 0.443603 -2.1614 -1.83422 -2.6108 0 -2.6108 0 1 1 1 1
-3.03119 3.78781 0.330724 1.25634 3.96447 -0.598195 -2.58227 0 -2.58227 0 1 1 1 1
-11.1772 -1.71255 3.07816 2.57626 -1.61206 0.548634 -2.43376 0 -2.43376 0 1 1 1 1
1.54499 9.14517 -8.98135 1.55464 -6.06419 8.1392 -2.63448 0 -2.63448 0 1 1 1 1
3.58502 1.92553 -1.13316 -2.20901 5.05814 -0.16126 -2.98759 0 -2.98759 0 1 1 1 1
-12.9253 -1.29012 1.00051 -5.74396 -1.16155 1.81019 -2.72667 0 -2.72667 0 1 1 1 1
-5.14541 -2.32256 8.00953 -7.3052 4.89775 -2.43566 -2.50406 0 -2.50406 0 1 1 1 1
10.0114 -3.15483 0.990163 -0.424328 -0.983569 -1.10206 -2.79969 0 -2.79969 0 1 1 1 1
-1.27185 -0.976354 1.78077 4.7286 1.72908 3.29951 -2.85959 0 -2.85959 0 1 1 1 1
-11.865 -5.88467 3.38988 1.29538 -0.406425 -0.475423 -2.9196 0 -2.9196 0 1 1 1 1
1.93028 0.787394 3.96535 -1.78219 8.57359 -1.40781 -2.95463 0 -2.95463 0 1 1 1 1
1.1153 1.09993 1.06858 -4.37255 2.20866 -2.00744 -2.57431 0 -2.57431 0 1 1 1 1
-9.25554 3.91091 2.71828 -6.32215 -1.44087 -0.851119 -2.91217 0 -2.91217 0 1 1 1 1
-6.49266 -2.81616 -2.6161 -1.96102 2.98055 4.42736 -2.61019 0 -2.61019 0 1 1 1 1
3.56825 -2.92953 4.45362 3.36394 0.613773 -2.59339 -2.64755 0 -2.64755 0 1 1 1 1
-1.88285 2.37336 6.62782 -5.52012 -1.62766 1.50265 -2.1934 0 -2.1934 0 1 1 1 1
-11.3014 -9.4651 -3.45003 3.85918 2.14499 4.08657 -2.92457 0 -2.92457 0 1 1 1 1
-2.02647 -6.27208 8.66901 2.33534 0.0693904 3.6077 -2.51661 0 -2.51661 0 1 1 1 1
4.68228 -2.5057 3.56113 -2.81344 1.82737 1.20406 -2.99963 0 -2.99963 0 1 1 1 1
-3.34629 1.94147 12.1211 0.658295 -5.05114 -2.29473 -2.95328 0 -2.95328 0 1 1 1 1
7.71351 -1.00728 -7.02067 -4.97448 -6.11353 -9.23428 -2.28613 0 -2.28613 0 1 1 1 1
6.31506 3.85438 -0.343447 -6.46898 -6.27198 0.871282 -2.83743 0 -2.83743 0 1 1 1 1
-8.19494 -5.61048 -0.276788 3.44059 4.37989 1.88324 -2.8986 0 -2.8986 0 1 1 1 1
-2.18953 -11.599 4.03321 0.821806 1.4165 2.87621 -2.91094 0 -2.91094 0 1 1 1 1
0.968221 -1.20394 4.98922 3.35734 1.85378 2.86 -2.69881 0 -2.69881 0 1 1 1 1
-4.03692 -6.55973 -10.3469 -2.29008 7.70718 -1.41811 -2.66099 0 -2.66099 0 1 1 1 1
-9.78483 -1.12809 4.67441 4.32656 -0.716337 -1.90346 -2.55891 0 -2.55891 0 1 1 1 1
-3.22921 0.355042 2.47272 -3.0739 6.04157 1.93527 -2.91619 0 -2.91619 0 1 1 1 1
-1.60248 -10.0638 -3.8981 -2.58597 -2.01451 3.38798 -2.88101 0 -2.88101 0 1 1 1 1
-5.08225 -2.01002 3.91592 4.09124 -4.16097 1.76298 -2.7089 0 -2.7089 0 1 1 1 1
-5.67537 8.28725 -0.206463 -2.83132 -0.0746151 3.21852 -2.68996 0 -2.68996 0 1 1 1 1
5.69143 -7.77238 9.90588 0.439425 -1.34187 -4.07529 -2.28205 0 -2.28205 0 1 1 1 1
9.59997 -8.65367 4.14292 2.04815 1.73969 1.17137 -2.93731 0 -2.93731 0 1 1 1 1
-2.79987 -2.66744 -5.31169 3.06188 -0.804616 -1.1229 -2.78271 0 -2.78271 0 1 1 1 1
-5.03095 0.594404 3.23336 -2.22573 -7.28463 3.84276 -2.21501 0 -2.21501 0 1 1 1 1
-16.8644 -6.05255 5.23103 1.1498 7.25586 1.60262 -2.77984 0 -2.77984 0 1 1 1 1
-2.92363 -0.201019 -1.62783 3.50872 0.622474 -0.681354 -2.76748 0 -2.76748 0 1 1 1 1
5.82271 0.150888 -2.00311 -1.45345 -0.94649 -1.46555 -2.97084 0 -2.97084 0 1 1 1 1
-6.0744 1.30582 -1.8715 -6.46036 3.93296 0.14033 -2.95604 0 -2.95604 0 1 1 1 1
5.82438 -8.68674 3.1555 1.16996 0.48582 1.52289 -2.62422 0 -2.62422 0 1 1 1 1
-9.54484 5.32387 0.797829 0.499654 2.42477 -4.53269 -2.90513 0 -2.90513 0 1 1 1 1
-1.13703 3.19852 4.64271 4.9595 -3.01112 3.37856 -2.89275 0 -2.89275 0 1 1 1 1
-8.84365 1.31119 5.96853 4.85067 -0.689022 0.0306901 -2.97318 0 -2.97318 0 1 1 1 1
-4.78224 2.14296 4.88722 1.94197 2.45111 -4.55068 -2.45599 0 -2.45599 0 1 1 1 1
2.73909 -2.57751 -1.88633 -2.01955 0.894933 1.50901 -2.98644 0 -2.98644 0 1 1 1 1
4.56257 -1.75138 8.93093 0.787899 -0.813966 1.10826 -2.85336 0 -2.85336 0 1 1 1 1
0.424979 7.76619 -2.69547 -1.3375 1.85563 0.525905 -2.93128 0 -2.93128 0 1 1 1 1
-7.54145 -1.82506 -0.854029 3.70092 3.71993 -1.71494 -2.72119 0 -2.72119 0 1 1 1 1
0.769026 -4.14187 -6.85806 -2.31706 -0.233999 2.67759 -2.4059 0 -2.4059 0 1 1 1 1
7.13555 -0.272301 2.30306 -1.79943 1.67499 -6.10377 -2.87088 0 -2.87088 0 1 1 1 1
1.07426 -0.92747 2.56813 2.31167 0.0336717 -3.92026 -2.89174 0 -2.89174 0 1 1 1 1
-1.81399 2.62205 12.8506 0.402461 1.04142 0.760981 -2.77469 0 -2.77469 0 1 1 1 1
0.521887 0.559624 -3.28703 3.09532 0.966628 -5.17306 -2.99945 0 -2.99945 0 1 1 1 1
-13.841 -5.45936 2.35511 1.04336 2.53265 3.65935 -2.72793 0 -2.72793 0 1 1 1 1
10.4857 -14.4268 -7.31742 -1.28775 1.86615 -1.26571 -2.81502 0 -2.81502 0 1 1 1 1
-10.9608 -3.55688 -0.272517 -3.41906 0.686039 1.27923 -2.50386 0 -2.50386 0 1 1 1 1
-5.41521 5.05324 5.3431 -0.975464 -0.106184 -4.1093 -2.87389 0 -2.87389 0 1 1 1 1
-2.2212 -10.5986 0.174789 0.432542 1.264 3.15228 -2.90593 0 -2.90593 0 1 1 1 1
-2.78992 4.71062 1.68608 1.69804 -0.227712 -4.19545 -2.80801 0 -2.80801 0 1 1 1 1
6.50083 -10.1559 7.79522 -0.981922 -3.76089 -2.62201 -2.77668 0 -2.77668 0 1 1 1 1
0.166848 -1.09197 -0.167782 1.58637 -1.57689 -0.503665 -2.9052 0 -2.9052 0 1 1 1 1
1.57544 -3.78323 3.0231 1.41672 -1.95942 -0.537722 -2.871 0 -2.871 0 1 1 1 1
3.78322 1.81915 4.13231 -2.01068 -2.29824 -1.6113 -2.99989 0 -2.99989 0 1 1 1 1
-8.43751 -12.8057 8.1458 3.09751 -0.933914 -1.51064 -2.84792 0 -2.84792 0 1 1 1 1
-8.46764 -3.4619 -7.30727 -1.45996 -0.0625482 -2.47363 -2.87761 0 -2.87761 0 1 1 1 1
-5.3821 -8.50573 12.0125 -3.222 3.18074 1.7104 -2.43976 0 -2.43976 0 1 1 1 1
-3.9988 4.72986 -1.9204 -0.284995 -0.00242034 -1.46249 -2.80512 0 -2.80512 0 1 1 1 1
-9.2964 -1.23917 -2.5962 3.79051 2.52638 -3.86729 -2.86912 0 -2.86912 0 1 1 1 1
-6.70187 -2.10399 6.10332 -0.726383 5.36391 -2.57811 -2.86256 0 -2.86256 0 1 1 1 1
-0.629833 0.496514 6.65956 6.51661 -2.40104 6.31295 -2.85834 0 -2.85834 0 1 1 1 1
-4.91832 -5.2067 10.5363 -1.21974 -3.36653 -5.26559 -2.66642 0 -2.66642 0 1 1 1 1
-3.90802 -5.41799 10.5065 6.16259 -0.195745 3.76813 -2.71672 0 -2.71672 0 1 1 1 1
0.712789 -0.206169 -5.98927 1.67984 -3.47372 -5.08393 -2.59525 0 -2.59525 0 1 1 1 1
0.42893 -3.14859 -2.69222 0.798301 0.236843 2.69221 -2.66711 0 -2.66711 0 1 1 1 1
-4.37277 -2.46373 2.60848 -1.73684 2.66001 0.698926 -2.80111 0 -2.80111 0 1 1 1 1
4.11569 6.73576 0.222629 -1.42908 -2.09942 4.4034 -2.91886 0 -2.91886 0 1 1 1 1
0.986125 2.31874 0.389762 0.563539 -3.56855 5.21586 -2.50785 0 -2.50785 0 1 1 1 1
1.62759 4.11602 7.39427 -1.06601 -1.02233 4.73491 -2.99479 0 -2.99479 0 1 1 1 1
2.78625 -3.44349 0.619228 0.232689 0.180363 2.31534 -2.8245 0 -2.8245 0 1 1 1 1
-13.38 -7.19801 -0.903051 4.70524 1.52596 2.54622 -2.79145 0 -2.79145 0 1 1 1 1
8.95232 -3.71055 6.3191 0.722978 8.7001 -1.20093 -2.93622 0 -2.93622 0 1 1 1 1
-2.20324 2.32393 -3.97638 -2.36697 -4.35311 0.470443 -2.92677 0 -2.92677 0 1 1 1 1
-0.381318 -7.1616 0.752512 0.148711 1.08945 -0.223641 -2.60998 0 -2.60998 0 1 1 1 1
1.50626 0.634479 -5.32587 -2.30399 4.60537 -4.6948 -2.77924 0 -2.77924 0 1 1 1 1
-2.60978 -2.78382 -0.937752 -1.66834 4.22189 3.68359 -2.5519 0 -2.5519 0 1 1 1 1
-7.17171 5.17164 -1.8122 1.70736 -3.40033 -2.43587 -2.91513 0 -2.91513 0 1 1 1 1
1.58315 -0.193498 -2.24957 1.82138 -0.628023 0.205989 -2.93561 0 -2.93561 0 1 1 1 1
-1.07245 -5.69377 -5.99343 -1.44855 -1.22259 2.83645 -2.43315 0 -2.43315 0 1 1 1 1
3.39709 11.9427 -0.974712 8.2749 1.8558 -1.13187 -2.74899 0 -2.74899 0 1 1 1 1
3.58982 -3.67687 8.56518 -4.9008 4.35332 -6.79309 -2.98181 0 -2.98181 0 1 1 1 1
-3.31001 -2.30133 1.8789 0.395564 -0.0555286 -0.905916 -2.60167 0 -2.60167 0 1 1 1 1
-8.00662 -2.99251 -4.82639 -1.33691 0.610453 2.74224 -2.89664 0 -2.89664 0 1 1 1 1
-1.6762 -5.03458 3.55189 1.3241 3.62126 -5.30501 -2.94641 0 -2.94641 0 1 1 1 1
-3.33262 -0.470311 0.646378 1.11033 6.02928 -3.99279 -2.98706 0 -2.98706 0 1 1 1 1
2.14839 -5.1158 1.34725 -4.20667 -1.42351 2.35711 -2.94844 0 -2.94844 0 1 1 1 1
-9.25373 -8.08545 7.34736 -3.61182 -1.5549 2.52341 -2.85311 0 -2.85311 0 1 1 1 1
-4.17921 -2.97232 9.0906 0.143123 2.47933 4.60224 -2.9504 0 -2.9504 0 1 1 1 1
-13.9612 5.98298 3.66894 4.16273 0.98997 -2.40474 -2.76994 0 -2.76994 0 1 1 1 1
0.890326 4.49032 0.379621 4.15562 3.56911 -3.78473 -2.9108 0 -2.9108 0 1 1 1 1
-8.73011 6.60804 -1.63262 -2.55259 1.98273 2.86603 -2.86585 0 -2.86585 0 1 1 1 1
2.2202 1.59229 7.78096 -4.10097 0.602332 -0.109654 -2.84644 0 -2.84644 0 1 1 1 1
1.40827 -5.7603 -1.47082 0.378412 1.85052 0.190984 -2.39104 0 -2.39104 0 1 1 1 1
-5.77442 -0.772359 0.44779 -0.594086 -5.55931 0.728994 -2.88259 0 -2.88259 0 1 1 1 1
-1.83471 -7.41838 3.36542 -0.299522 2.72002 -4.07758 -2.94737 0 -2.94737 0 1 1 1 1
-2.99353 15.4039 1.45735 -1.93334 -2.48137 1.73201 -2.91226 0 -2.91226 0 1 1 1 1
-7.73062 1.59153 0.429625 1.84892 -3.34942 0.0500819 -2.66333 0 -2.66333 0 1 1 1 1
1.997 3.31486 2.96343 -1.60134 -1.59188 1.27602 -2.78252 0 -2.78252 0 1 1 1 1
-7.10461 -12.8159 6.16101 -3.89294 -1.35405 2.96874 -2.92844 0 -2.92844 0 1 1 1 1
-9.12898 -9.44859 3.48225 1.53662 2.46606 -3.25027 -2.81403 0 -2.81403 0 1 1 1 1
1.8328 -7.93099 3.4285 8.00134 1.00858 3.13732 -2.71944 0 -2.71944 0 1 1 1 1
0.908207 -3.39972 -0.677132 -2.83889 -0.898226 4.32886 -2.99979 0 -2.99979 0 1 1 1 1
-7.13396 -1.60471 3.35261 0.24721 1.70465 0.960825 -2.96459 0 -2.96459 0 1 1 1 1
-6.06867 -1.9697 0.47064 1.56273 -1.49463 2.97667 -2.61397 0 -2.61397 0 1 1 1 1
-5.64717 1.64909 -2.76359 2.94643 2.63505 -0.190551 -2.89661 0 -2.89661 0 1 1 1 1
-0.934984 5.80012 -3.00381 -0.650661 4.10729 -1.26481 -2.69293 0 -2.69293 0 1 1 1 1
-5.16529 3.06067 6.33417 -6.02609 3.22084 -4.98142 -2.90223 0 -2.90223 0 1 1 1 1
0.245475 0.187842 3.50722 -1.54072 -0.919697 6.17876 -2.8317 0 -2.8317 0 1 1 1 1
-1.63194 -0.255752 -2.72284 -1.26849 0.507245 -4.24963 -2.86443 0 -2.86443 0 1 1 1 1
6.87905 0.417576 5.95352 -1.09864 -0.00486859 -2.76395 -2.98063 0 -2.98063 0 1 1 1 1
-8.18192 -3.19294 4.1425 1.42817 -0.293937 -1.83819 -2.46553 0 -2.46553 0 1 1 1 1
-8.88727 -1.46128 -7.74594 0.578528 -1.61346 -7.06346 -2.76955 0 -2.76955 0 1 1 1 1
-0.862627 -5.84569 -1.84007 2.58694 -1.36524 3.3673 -2.88668 0 -2.88668 0 1 1 1 1
-4.31781 0.919093 1.97208 -8.32046 3.68652 -1.17012 -2.80515 0 -2.80515 0 1 1 1 1
-4.35648 6.88567 -3.82371 0.245577 6.19062 4.4094 -2.53355 0 -2.53355 0 1 1 1 1
2.94629 2.18596 -0.417622 -2.77905 4.89428 -1.17865 -2.90853 0 -2.90853 0 1 1 1 1
-4.0752 0.0538044 2.25348 2.5099 -1.26779 2.56852 -2.9992 0 -2.9992 0 1 1 1 1
-4.70774 6.78413 6.35899 2.78516 4.57442 8.06093 -2.83473 0 -2.83473 0 1 1 1 1
-0.4684 -7.02512 -0.423474 2.68792 -2.43454 1.87223 -2.40302 0 -2.40302 0 1 1 1 1
-10.7817 -7.49473 -0.969764 1.84634 -2.8855 2.55592 -2.89994 0 -2.89994 0 1 1 1 1
-0.248429 1.46452 -9.25498 1.06312 -4.19505 -4.00477 -2.91 0 -2.91 0 1 1 1 1
-4.12523 0.225336 6.53526 3.59013 -5.53168 4.56651 -2.73107 0 -2.73107 0 1 1 1 1
-5.67256 -0.124545 9.13226 1.07669 2.71104 0.182486 -2.86276 0 -2.86276 0 1 1 1 1
7.4251 -6.59243 -3.99253 -0.514764 -1.17926 4.85123 -2.66492 0 -2.66492 0 1 1 1 1
-1.73542 2.97211 8.28148 -5.14027 -2.97288 2.00269 -2.62374 0 -2.62374 0 1 1 1 1
0.397141 -4.6926 8.3502 -4.02326 2.97145 -0.741577 -2.95685 0 -2.95685 0 1 1 1 1
0.985071 12.2791 3.6299 -0.425691 -4.76105 2.45403 -2.83758 0 -2.83758 0 1 1 1 1
-6.20575 -6.33963 1.78382 2.32796 -1.55841 5.61962 -2.61199 0 -2.61199 0 1 1 1 1
2.36099 -0.606089 -1.50266 -2.32744 -0.492 2.7993 -2.58889 0 -2.58889 0 1 1 1 1
3.30032 -6.82521 -1.50167 1.45223 3.76329 4.33612 -2.89773 0 -2.89773 0 1 1 1 1
-5.60325 -7.0838 1.52987 -0.525108 -1.02579 3.17005 -2.96491 0 -2.96491 0 1 1 1 1
-4.19301 -4.6207 -4.6746 0.359164 0.268577 1.21201 -2.81011 0 -2.81011 0 1 1 1 1
0.61854 -3.27461 1.90692 -1.28571 2.99464 -0.85628 -2.74847 0 -2.74847 0 1 1 1 1
-3.60313 -12.1575 4.97887 -2.19777 -4.13976 -2.15304 -2.99302 0 -2.99302 0 1 1 1 1
1.07268 -1.0701 -0.140393 -1.12639 0.579987 -0.824909 -2.9456 0 -2.9456 0 1 1 1 1
0.210318 -0.970135 -2.15279 -1.22365 -3.12306 -2.13282 -2.9813 0 -2.9813 0 1 1 1 1
1.90847 -5.60472 3.34557 5.58976 7.1595 -2.93744 -2.95089 0 -2.95089 0 1 1 1 1
-12.0974 2.38239 7.91987 3.46092 -2.90957 -4.21186 -2.90319 0 -2.90319 0 1 1 1 1
-1.24955 -1.05631 7.02854 -1.41134 -4.54115 5.56481 -2.96956 0 -2.96956 0 1 1 1 1
-4.72928 -1.2126 7.96285 -0.487898 -1.87353 -0.991233 -2.80974 0 -2.80974 0 1 1 1 1
-0.524801 -3.91505 -0.985923 2.62124 0.0376979 -0.930301 -2.60157 0 -2.60157 0 1 1 1 1
5.70433 13.442 1.08575 -2.24999 -1.27859 -2.50089 -2.96571 0 -2.96571 0 1 1 1 1
-3.54553 0.765877 1.02932 3.63542 -6.0688 1.80851 -2.71434 0 -2.71434 0 1 1 1 1
8.61956 0.824024 -1.49396 2.49389 1.84319 -0.891917 -2.46887 0 -2.46887 0 1 1 1 1
5.82549 -0.60026 -0.905431 0.289208 3.8992 -3.52272 -2.73191 0 -2.73191 0 1 1 1 1
-6.19162 0.175331 1.79957 1.72839 -4.83464 -0.588089 -2.82242 0 -2.82242 0 1 1 1 1
-6.0513 -9.13011 7.21151 5.20906 1.26385 -2.51972 -2.79963 0 -2.79963 0 1 1 1 1
-5.64181 -8.88012 -6.22463 -0.456628 1.27306 3.75418 -2.90606 0 -2.90606 0 1 1 1 1
-0.0514408 0.47409 -2.27347 -3.29845 0.965283 0.427117 -2.8706 0 -2.8706 0 1 1 1 1
-1.20354 -10.3747 -5.49511 1.88741 -0.84019 -0.198766 -2.83937 0 -2.83937 0 1 1 1 1
2.36532 -7.07539 2.39597 -2.80109 -6.71909 -6.15308 -2.853 0 -2.853 0 1 1 1 1
8.14052 -3.60897 7.65008 -1.26471 0.0539315 -4.67346 -2.99087 0 -2.99087 0 1 1 1 1
-16.9137 -6.93904 2.18873 0.198444 -0.476365 4.75324 -2.74622 0 -2.74622 0 1 1 1 1
7.63524 -4.73676 5.28753 1.30477 -1.20947 3.62897 -2.99683 0 -2.99683 0 1 1 1 1
-8.70839 -0.800563 -8.29778 -5.33974 0.235039 -1.90441 -2.93872 0 -2.93872 0 1 1 1 1
-2.32961 -4.63961 5.77196 -2.83542 -3.21471 1.22898 -2.9304 0 -2.9304 0 1 1 1 1
-5.88005 0.183925 -3.38285 4.9824 -1.50199 0.18928 -2.87823 0 -2.87823 0 1 1 1 1
-1.42622 2.99645 10.5956 -1.45603 1.76333 -4.74698 -2.83793 0 -2.83793 0 1 1 1 1
3.56003 4.27441 5.27609 0.136551 0.164285 -0.820771 -2.68298 0 -2.68298 0 1 1 1 1
-3.02225 1.07817 -7.8574 -1.71957 -3.75212 0.983545 -2.74105 0 -2.74105 0 1 1 1 1
7.34097 -1.86289 -0.686853 5.71519 2.22904 -2.02342 -2.59418 0 -2.59418 0 1 1 1 1
-1.90247 -3.98947 4.85043 2.01007 -2.77322 1.07287 -2.72287 0 -2.72287 0 1 1 1 1
-4.84918 -5.70392 -4.37264 2.35247 -1.06742 1.04693 -2.63294 0 -2.63294 0 1 1 1 1
-5.872 11.7631 -4.15427 2.03081 -4.92287 -3.25411 -2.73108 0 -2.73108 0 1 1 1 1
-2.71403 -11.3701 0.83197 -5.64176 1.15455 2.66388 -2.91102 0 -2.91102 0 1 1 1 1
1.14598 -6.76914 3.72349 -4.32935 1.44775 1.16207 -2.87328 0 -2.87328 0 1 1 1 1
-4.11578 0.624752 0.31303 -0.376088 0.674741 2.40851 -2.98359 0 -2.98359 0 1 1 1 1
5.57656 0.133093 -2.84183 -3.23453 -8.65013 -7.63492 -2.99833 0 -2.99833 0 1 1 1 1
0.190741 -0.0209714 -0.791304 -6.55857 -1.773 0.0586501 -2.45416 0 -2.45416 0 1 1 1 1
-4.58612 5.56713 5.25127 4.6362 2.47579 5.11905 -2.84574 0 -2.84574 0 1 1 1 1
-3.97637 3.07807 -2.71804 -4.12458 -5.72734 -0.376324 -2.90868 0 -2.90868 0 1 1 1 1
7.10634 -8.60565 -3.53428 -0.0649826 -3.56694 -1.78033 -2.7599 0 -2.7599 0 1 1 1 1
-4.94378 -4.30007 1.87791 -3.58523 0.970137 7.18305 -2.81958 0 -2.81958 0 1 1 1 1
5.20378 -6.44997 2.03768 2.94383 3.79587 2.85185 -2.08573 0 -2.08573 0 1 1 1 1
-8.96464 0.974635 -2.97458 -5.00374 -0.787935 2.26163 -2.97813 0 -2.97813 0 1 1 1 1
-0.375546 6.31952 -2.53005 -3.392 1.12133 -5.1647 -2.99785 0 -2.99785 0 1 1 1 1
-5.29957 -0.655208 7.42253 2.2203 -1.60359 2.86102 -2.77705 0 -2.77705 0 1 1 1 1
1.55102 1.07101 0.00179415 -2.37616 -1.43496 1.26744 -2.93934 0 -2.93934 0 1 1 1 1
-0.0253436 -6.70951 -2.92415 -0.64129 5.15975 0.58133 -2.97647 0 -2.97647 0 1 1 1 1
-6.65744 -8.97186 8.81818 0.893273 -1.50383 3.67834 -2.93078 0 -2.93078 0 1 1 1 1
-7.17161 -6.98745 5.52633 1.03076 -4.12398 0.324243 -2.89897 0 -2.89897 0 1 1 1 1
-0.923502 0.659415 3.10178 -3.31082 -4.0857 4.09275 -2.61567 0 -2.61567 0 1 1 1 1
3.12246 7.66885 8.2988 -2.303 -3.67113 0.474722 -2.68354 0 -2.68354 0 1 1 1 1
-5.06455 5.48046 1.79044 -3.37699 -1.71055 -0.469439 -2.82357 0 -2.82357 0 1 1 1 1
-8.46013 7.66409 -1.92219 1.70357 -0.680545 1.48869 -2.93748 0 -2.93748 0 1 1 1 1
4.85371 8.98284 3.87334 1.9093 -0.859719 0.479038 -2.93623 0 -2.93623 0 1 1 1 1
-5.01703 3.66425 -5.00432 0.690607 5.12913 4.22053 -2.98644 0 -2.98644 0 1 1 1 1
8.21524 -6.92962 3.6591 0.223091 -3.92853 3.27294 -2.95329 0 -2.95329 0 1 1 1 1
-10.8216 -10.0666 5.00215 3.74681 -4.88944 -2.09161 -2.95641 0 -2.95641 0 1 1 1 1
-5.89861 -5.32212 7.4964 1.06285 -2.59439 -0.206684 -2.39682 0 -2.39682 0 1 1 1 1
-5.58967 -1.66362 -1.83233 3.30596 7.11056 2.27782 -2.59369 0 -2.59369 0 1 1 1 1
-2.53832 -5.92824 7.98257 2.67766 1.53259 3.56286 -2.73737 0 -2.73737 0 1 1 1 1
-1.56115 0.887926 -1.1253 1.79831 -1.0772 1.23225 -2.72214 0 -2.72214 0 1 1 1 1
8.24526 -2.7479 -7.661 0.639579 2.65874 4.11391 -2.67818 0 -2.67818 0 1 1 1 1
1.41784 -9.78211 6.88205 -1.65297 -7.82738 5.30036 -2.8911 0 -2.8911 0 1 1 1 1
-4.72563 -0.475429 2.4381 -1.77442 -3.03961 4.2767 -2.96221 0 -2.96221 0 1 1 1 1
-8.82215 3.60616 1.86116 -4.79003 -0.650154 0.188848 -2.90277 0 -2.90277 0 1 1 1 1
9.75696 1.49026 3.01525 3.01453 -3.21297 -0.928551 -2.84042 0 -2.84042 0 1 1 1 1
1.11277 8.03122 -6.90244 -3.73692 -1.31984 -4.43054 -2.6346 0 -2.6346 0 1 1 1 1
7.65377 0.429745 1.95351 0.0639272 -2.15839 -3.60419 -2.74458 0 -2.74458 0 1 1 1 1
-8.76776 -2.87159 1.52791 3.90607 -1.65959 5.88874 -2.5362 0 -2.5362 0 1 1 1 1
-0.813683 -8.28294 3.41555 -3.71658 -0.0256934 -2.30411 -2.51619 0 -2.51619 0 1 1 1 1
1.19486 -2.87936 0.854868 1.96983 -0.205957 -1.35208 -2.85018 0 -2.85018 0 1 1 1 1
-11.293 5.30408 0.971643 1.99617 -3.01524 0.662651 -2.98481 0 -2.98481 0 1 1 1 1
-5.87787 -3.43957 4.58247 3.43118 1.10937 1.9174 -2.26964 0 -2.26964 0 1 1 1 1
1.06083 2.27683 2.71098 -6.46942 -1.90199 3.11472 -2.65494 0 -2.65494 0 1 1 1 1
-12.6629 -4.33987 7.87584 -5.46813 -0.674048 1.04599 -2.84411 0 -2.84411 0 1 1 1 1
-6.45113 -1.9654 -2.85912 2.15212 -0.620454 -0.178377 -2.84096 0 -2.84096 0 1 1 1 1
3.7533 19.1798 9.46396 -0.789091 -3.31991 -2.34733 -2.93535 0 -2.93535 0 1 1 1 1
0.651674 -3.59699 10.7312 4.05851 0.359986 3.18433 -2.82359 0 -2.82359 0 1 1 1 1
0.312703 3.82683 -2.72361 -3.2716 -1.43851 -2.1596 -2.68208 0 -2.68208 0 1 1 1 1
-2.74443 2.5173 5.80543 5.43817 -6.043 4.52429 -2.64219 0 -2.64219 0 1 1 1 1
1.47145 6.15481 2.62697 -0.146467 1.53312 -1.90819 -2.94062 0 -2.94062 0 1 1 1 1
4.02339 -4.53177 2.36788 -1.87574 1.1761 1.68511 -2.92852 0 -2.92852 0 1 1 1 1
1.70282 -0.386587 -0.109386 -0.699503 -4.97672 1.52568 -2.93161 0 -2.93161 0 1 1 1 1
13.4257 -1.78179 5.84969 -3.35266 -1.72791 -1.68188 -2.84988 0 -2.84988 0 1 1 1 1
-3.61067 2.21806 5.88993 0.575187 -2.45981 1.24818 -2.93657 0 -2.93657 0 1 1 1 1
8.77157 -0.15072 -1.75236 -0.809848 -4.9316 0.0138534 -2.8088 0 -2.8088 0 1 1 1 1
-7.01762 -9.74353 1.04858 -4.35004 -0.536856 0.589606 -2.94985 0 -2.94985 0 1 1 1 1
7.10884 4.42461 -8.08641 7.13978 -0.189057 -1.65249 -2.97794 0 -2.97794 0 1 1 1 1
-3.31858 -5.102 6.50901 -1.70629 2.40584 4.08232 -2.88269 0 -2.88269 0 1 1 1 1
-1.55581 2.15338 11.3423 1.59309 -0.272726 0.484288 -2.95688 0 -2.95688 0 1 1 1 1
-0.010731 2.27229 -5.88088 3.41918 3.32957 -4.54281 -2.51265 0 -2.51265 0 1 1 1 1
-4.72713 4.66176 1.92851 1.31127 -3.36028 5.65171 -2.79733 0 -2.79733 0 1 1 1 1
-1.45427 -0.316216 -1.70348 0.647458 1.32336 3.58443 -2.88948 0 -2.88948 0 1 1 1 1
-3.89714 -1.5746 7.16238 4.01431 4.69647 0.37128 -2.70993 0 -2.70993 0 1 1 1 1
-10.5386 3.52537 7.26567 -0.826029 6.05623 1.98698 -2.5208 0 -2.5208 0 1 1 1 1
-11.6665 -0.0207291 1.5667 -2.89515 7.25186 -4.74469 -2.98105 0 -2.98105 0 1 1 1 1
3.93969 -8.802 1.05357 0.606939 3.6839 2.04086 -2.8599 0 -2.8599 0 1 1 1 1
-3.91989 -0.157645 -7.89311 0.0313273 -2.64767 -4.83148 -2.97584 0 -2.97584 0 1 1 1 1
-12.1756 12.4829 7.75237 4.30752 2.59212 -1.4934 -2.90557 0 -2.90557 0 1 1 1 1
-6.09961 0.807403 -2.59794 1.89816 -9.41549 1.00679 -2.92242 0 -2.92242 0 1 1 1 1
2.14752 6.44848 1.16829 2.20269 -2.23179 0.944304 -2.97658 0 -2.97658 0 1 1 1 1
-5.16952 -10.2705 -7.07326 -4.14273 4.60782 -2.77257 -2.86608 0 -2.86608 0 1 1 1 1
2.76779 -3.42673 7.37657 -1.67068 -2.31508 0.384449 -2.50787 0 -2.50787 0 1 1 1 1
-5.52979 4.32723 10.5863 -3.80661 -4.80343 -1.94668 -2.77029 0 -2.77029 0 1 1 1 1
-10.5234 -7.15081 -7.01173 -3.67436 2.16935 -0.0856889 -2.4667 0 -2.4667 0 1 1 1 1
-8.59936 5.44875 -1.98703 0.456867 1.04933 0.908983 -2.55598 0 -2.55598 0 1 1 1 1
-4.64208 7.49045 -4.64643 -3.04307 1.83551 -2.76203 -2.8518 0 -2.8518 0 1 1 1 1
3.82512 -0.543577 5.86861 -3.86932 0.829241 -0.0705547 -2.54584 0 -2.54584 0 1 1 1 1
1.99281 3.94892 8.44135 2.46004 -4.5577 -0.705013 -2.65397 0 -2.65397 0 1 1 1 1
-3.47795 -6.2711 0.595797 3.63222 0.0656943 5.68163 -2.90213 0 -2.90213 0 1 1 1 1
5.26473 2.50537 -0.796113 9.6041 -5.31679 -6.66424 -2.89078 0 -2.89078 0 1 1 1 1
-4.47667 -5.13008 6.95047 -4.5094 3.83704 -0.355461 -2.91348 0 -2.91348 0 1 1 1 1
1.14839 0.020401 -0.725594 1.09773 1.89096 0.0219234 -2.57381 0 -2.57381 0 1 1 1 1
-2.07024 -7.72562 7.44631 -7.42464 4.59945 0.479503 -2.87292 0 -2.87292 0 1 1 1 1
-3.42993 -1.13915 -17.5224 0.850361 2.27274 1.62612 -2.75421 0 -2.75421 0 1 1 1 1
-1.2633 -3.70385 1.32525 3.28527 0.534078 -0.681211 -2.80861 0 -2.80861 0 1 1 1 1
-7.57373 -14.1621 -0.584067 0.638933 -6.02239 2.2417 -2.86315 0 -2.86315 0 1 1 1 1
-1.10318 1.6521 -0.759413 -1.28805 -2.98736 -2.26354 -2.71429 0 -2.71429 0 1 1 1 1
6.20642 -2.79367 2.08661 3.07146 3.74153 -2.64543 -2.80151 0 -2.80151 0 1 1 1 1
4.81992 0.632381 -10.3169 5.27337 -3.14551 -2.5326 -2.87191 0 -2.87191 0 1 1 1 1
-8.60618 -9.49613 4.39243 -1.75494 -1.82332 -1.20874 -2.8694 0 -2.8694 0 1 1 1 1
-8.19921 -1.01874 3.63169 1.90653 0.288815 -5.68523 -2.93792 0 -2.93792 0 1 1 1 1
-11.285 3.80077 4.18678 -0.889551 -2.57779 2.67684 -2.93473 0 -2.93473 0 1 1 1 1
1.88351 -5.06388 6.07036 6.30461 -0.770554 2.79175 -2.80516 0 -2.80516 0 1 1 1 1
-2.52283 1.37016 5.59402 1.11919 1.35154 3.87298 -2.95006 0 -2.95006 0 1 1 1 1
-15.0531 -6.77851 -6.01998 0.88554 -2.335 2.802 -2.89813 0 -2.89813 0 1 1 1 1
-3.17687 -2.0938 16.1468 4.26761 0.00508163 0.234677 -2.64453 0 -2.64453 0 1 1 1 1
-4.79438 -1.78321 7.0544 2.50959 -3.75421 -3.59575 -2.74267 0 -2.74267 0 1 1 1 1
-8.27914 11.108 1.3116 -3.50993 0.0546167 -9.21374 -2.68369 0 -2.68369 0 1 1 1 1
-0.530527 8.25154 4.87135 0.933325 0.963232 -1.2424 -2.83056 0 -2.83056 0 1 1 1 1
-0.849446 6.76894 -13.3173 2.93073 2.0069 -1.20264 -2.98892 0 -2.98892 0 1 1 1 1
-13.9621 5.37218 2.51267 0.210054 1.99178 2.19997 -2.81741 0 -2.81741 0 1 1 1 1
4.16584 -2.02487 4.10981 6.47073 4.14572 0.243727 -2.93156 0 -2.93156 0 1 1 1 1
-4.11877 1.4691 2.63211 3.88847 -2.4319 -0.0622914 -2.63084 0 -2.63084 0 1 1 1 1
7.19042 2.75071 3.3912 -0.690067 -1.1908 5.37026 -2.89942 0 -2.89942 0 1 1 1 1
-0.249608 6.08851 3.12792 -1.52178 3.79683 -0.440284 -2.95657 0 -2.95657 0 1 1 1 1
-2.07245 -5.74249 -5.34679 -2.74117 -3.4271 5.9873 -2.83748 0 -2.83748 0 1 1 1 1
-7.71989 -5.75529 -1.36713 0.945137 4.18499 3.78471 -2.919 0 -2.919 0 1 1 1 1
-2.62104 -5.06796 -5.71305 2.27457 2.85686 0.180784 -2.62869 0 -2.62869 0 1 1 1 1
-0.743885 -2.3581 -4.27077 0.530729 -0.836901 -4.06407 -2.87335 0 -2.87335 0 1 1 1 1
-3.80159 -2.92956 0.250579 4.52051 -3.41699 2.07832 -2.97169 0 -2.97169 0 1 1 1 1
1.16868 -2.63304 7.8866 6.2404 -4.52491 -2.51239 -2.81207 0 -2.81207 0 1 1 1 1
-3.50892 6.74506 1.9895 -4.79449 -0.265511 -3.73471 -2.48466 0 -2.48466 0 1 1 1 1
0.228152 2.10458 3.62262 -5.20363 8.70463 3.7097 -2.66835 0 -2.66835 0 1 1 1 1
4.69054 5.69256 -1.60145 4.30154 -3.75718 0.337994 -2.47264 0 -2.47264 0 1 1 1 1
-10.4695 -1.49078 9.4576 -0.421589 5.94583 0.854243 -2.79992 0 -2.79992 0 1 1 1 1
3.24265 -4.52172 -2.3612 -0.0816638 6.60205 -4.28615 -2.79365 0 -2.79365 0 1 1 1 1
-3.77391 0.7677 -3.49794 0.0157317 -3.44017 -0.832957 -2.80995 0 -2.80995 0 1 1 1 1
-4.73528 6.555 2.03313 5.15741 -5.85614 2.64291 -2.6739 0 -2.6739 0 1 1 1 1
-1.21973 -7.34548 4.12448 -2.9343 -4.74684 -3.83559 -2.58925 0 -2.58925 0 1 1 1 1
-1.95142 -12.0454 0.615251 3.07036 0.891975 2.32467 -2.70467 0 -2.70467 0 1 1 1 1
-6.69131 3.04348 0.937727 1.89849 -0.309754 -0.0114902 -2.85376 0 -2.85376 0 1 1 1 1
5.09471 -0.699132 2.48366 -3.19094 3.85039 -3.63028 -2.48621 0 -2.48621 0 1 1 1 1
6.18359 1.14343 -6.35301 2.56232 2.02878 -4.44892 -2.66075 0 -2.66075 0 1 1 1 1
3.26623 4.20479 3.83889 3.40344 0.773093 4.1182 -2.6652 0 -2.6652 0 1 1 1 1
1.39473 2.54696 1.68769 0.358815 -0.953651 -0.294011 -2.9985 0 -2.9985 0 1 1 1 1
1.34169 -1.6929 4.19859 -4.82257 1.19303 5.09978 -2.84014 0 -2.84014 0 1 1 1 1
-1.4727 -8.55987 0.491818 0.979546 -0.324062 -1.0725 -2.78248 0 -2.78248 0 1 1 1 1
-7.63935 -2.64821 2.48112 4.73192 1.20989 4.15472 -2.81166 0 -2.81166 0 1 1 1 1
-8.7243 -3.40706 2.52492 -0.674188 0.051643 3.5053 -2.77802 0 -2.77802 0 1 1 1 1
13.3012 4.11241 -2.72341 1.49249 0.878747 -1.52187 -2.79146 0 -2.79146 0 1 1 1 1
-3.34165 2.74781 1.73494 -0.104948 -0.0967868 1.10325 -2.86557 0 -2.86557 0 1 1 1 1
-3.83644 -5.54366 9.08156 0.29278 -1.24292 2.95127 -2.94628 0 -2.94628 0 1 1 1 1
-3.1069 1.43167 -3.11089 -0.391823 3.29133 -1.00739 -2.73453 0 -2.73453 0 1 1 1 1
-7.5477 1.50875 4.35962 -1.58764 -0.589933 0.526316 -2.98675 0 -2.98675 0 1 1 1 1
-7.47453 -2.35717 3.82971 1.52832 -4.8421 -3.98445 -2.8873 0 -2.8873 0 1 1 1 1
12.2369 -4.27865 6.0616 1.2102 -3.32333 -1.92815 -2.55307 0 -2.55307 0 1 1 1 1
-3.26183 -3.51926 -1.42692 2.77402 3.93552 -2.82329 -2.75836 0 -2.75836 0 1 1 1 1
-9.23058 -5.43424 7.43414 1.40373 4.92926 -8.09182 -2.59385 0 -2.59385 0 1 1 1 1
-9.64804 -3.97547 5.82629 -1.80169 -1.22309 -3.15874 -2.85476 0 -2.85476 0 1 1 1 1
2.7452 -6.18319 -13.0202 -0.767329 1.06514 -0.795 -2.53913 0 -2.53913 0 1 1 1 1
-6.99432 -3.05471 4.31826 -0.542471 -1.01538 -2.51789 -2.47201 0 -2.47201 0 1 1 1 1
-1.90274 -0.683914 1.29587 0.918261 4.45049 -0.19823 -2.88631 0 -2.88631 0 1 1 1 1
-5.29181 3.5805 0.990743 -3.09465 1.41197 2.64624 -2.66692 0 -2.66692 0 1 1 1 1
-2.2641 -4.31109 -4.75235 0.397687 6.32867 5.97977 -2.62004 0 -2.62004 0 1 1 1 1
-2.31306 6.08289 2.22948 6.37244 -5.61395 3.75015 -2.94018 0 -2.94018 0 1 1 1 1
-1.41402 3.04717 -2.37684 6.5515 -2.45338 1.05067 -2.56761 0 -2.56761 0 1 1 1 1
-0.165187 -4.8246 4.47468 1.83152 -2.15639 3.25293 -2.99531 0 -2.99531 0 1 1 1 1
0.950986 -0.995759 6.9345 -3.95082 5.38494 -0.953023 -2.95682 0 -2.95682 0 1 1 1 1
9.77681 0.446877 -1.6648 -4.90352 -2.82903 -2.59829 -2.85723 0 -2.85723 0 1 1 1 1
-8.6145 -4.06601 6.00376 3.55548 -0.0184777 -3.29034 -2.57593 0 -2.57593 0 1 1 1 1
2.4432 -1.815 5.24522 -1.23722 0.182338 2.26064 -2.66957 0 -2.66957 0 1 1 1 1
4.35205 -2.40727 -2.89009 0.461621 1.32147 -1.06963 -2.75729 0 -2.75729 0 1 1 1 1
-5.52628 1.9809 -1.26257 2.42067 -2.58868 1.46294 -2.8053 0 -2.8053 0 1 1 1 1
-3.574 2.8948 4.33751 1.56552 -6.35699 -4.05074 -2.94887 0 -2.94887 0 1 1 1 1
0.273138 -5.21571 5.50519 1.53897 7.17815 -3.72782 -2.91086 0 -2.91086 0 1 1 1 1
-1.7013 6.81356 -8.19926 -2.06618 -0.396261 0.264795 -2.86781 0 -2.86781 0 1 1 1 1
1.1805 8.12162 4.14167 -1.74107 0.873477 1.20853 -2.99795 0 -2.99795 0 1 1 1 1
-3.98384 -7.55772 5.37946 -0.953442 3.71086 0.875167 -2.80053 0 -2.80053 0 1 1 1 1
-1.77998 6.7 2.48203 2.85344 0.00569361 0.0989877 -2.89599 0 -2.89599 0 1 1 1 1
-1.49626 -4.26927 -1.26367 -0.40678 2.50874 -3.25259 -2.57101 0 -2.57101 0 1 1 1 1
-3.5083 0.958273 -1.38864 -0.36256 1.51685 -2.32536 -2.70195 0 -2.70195 0 1 1 1 1
4.22039 9.33913 -0.26766 -6.30845 1.20587 -2.12132 -2.9574 0 -2.9574 0 1 1 1 1
-3.15983 -0.269033 -2.59675 4.80332 1.73046 4.63157 -2.82915 0 -2.82915 0 1 1 1 1
4.343 4.6228 2.10039 1.58963 2.00363 -1.39001 -2.70761 0 -2.70761 0 1 1 1 1
3.69892 -1.83621 -2.20529 -2.96913 -1.10549 2.55326 -2.79746 0 -2.79746 0 1 1 1 1
-8.06639 -0.880125 6.87118 -0.0254549 -2.69876 1.93075 -2.85316 0 -2.85316 0 1 1 1 1
-1.41923 -1.93674 1.48148 4.6523 -0.454174 -2.918 -2.61854 0 -2.61854 0 1 1 1 1
-4.40193 1.56464 8.40335 -0.453553 -2.56889 -2.2529 -2.90786 0 -2.90786 0 1 1 1 1
-1.17686 4.73145 -2.77776 2.79618 -5.72032 -2.30481 -2.69249 0 -2.69249 0 1 1 1 1
-5.50866 7.42776 -5.1891 -2.74605 -0.471622 -1.84556 -2.69219 0 -2.69219 0 1 1 1 1
-0.922717 2.24514 0.289079 -0.475251 -2.94941 7.39076 -2.57145 0 -2.57145 0 1 1 1 1
-0.0592274 2.32048 -3.48471 -0.158962 -2.10966 -0.534019 -3 0 -3 0 1 1 1 1
5.85077 -3.55703 6.97897 2.32957 1.39719 -0.496485 -2.96259 0 -2.96259 0 1 1 1 1
0.514148 -7.58335 0.409363 0.663527 2.35705 6.94923 -2.70601 0 -2.70601 0 1 1 1 1
1.94221 3.75224 1.97615 -3.96222 -5.3526 -0.0657177 -2.4134 0 -2.4134 0 1 1 1 1
-3.19617 -4.14567 1.47879 -2.09047 2.08472 -2.12239 -2.42571 0 -2.42571 0 1 1 1 1
0.0992523 1.37376 1.45305 -3.31728 -0.0853425 -0.0862531 -2.83869 0 -2.83869 0 1 1 1 1
-5.61189 -4.35442 -0.503204 -2.5517 4.73381 -0.474116 -2.77154 0 -2.77154 0 1 1 1 1
-2.99433 -1.15015 -8.30731 -1.26832 2.81566 0.637804 -2.5891 0 -2.5891 0 1 1 1 1
-2.83057 4.92823 4.57059 0.987139 2.85882 1.69354 -2.7725 0 -2.7725 0 1 1 1 1
-3.85014 -5.8528 -11.0793 -2.74418 1.84343 4.6189 -2.94022 0 -2.94022 0 1 1 1 1
-2.88506 0.102204 3.52337 5.66383 -2.43994 -5.92421 -2.86058 0 -2.86058 0 1 1 1 1
-3.25217 -8.33212 -0.492469 -0.8501 -3.50363 -0.00832513 -2.67634 0 -2.67634 0 1 1 1 1
-4.75996 1.32533 7.42588 2.81646 -0.179912 -2.0361 -2.9923 0 -2.9923 0 1 1 1 1
-1.92824 -0.1527 4.01061 -1.05466 -0.426274 1.69238 -2.65642 0 -2.65642 0 1 1 1 1
9.09927 13.6553 1.85686 -2.05794 4.51677 3.08276 -2.56128 0 -2.56128 0 1 1 1 1
-3.24924 -4.57704 -4.99787 -3.30038 -3.56183 0.742102 -2.72796 0 -2.72796 0 1 1 1 1
-1.35059 0.324516 8.19947 -1.54038 1.64553 -0.88744 -2.76148 0 -2.76148 0 1 1 1 1
-3.51339 -0.677153 -3.87802 -1.26146 -0.587565 -2.9734 -2.91237 0 -2.91237 0 1 1 1 1
0.765121 -5.38789 4.54888 -2.49158 -1.2408 0.499042 -2.99959 0 -2.99959 0 1 1 1 1
1.16011 -5.0929 3.82535 0.353522 -0.515387 1.14504 -2.82504 0 -2.82504 0 1 1 1 1
-2.88752 -6.50024 -0.861869 -0.219211 0.355131 -2.338 -2.7502 0 -2.7502 0 1 1 1 1
-1.36102 8.23473 -6.83298 -5.49053 -0.953583 -1.92148 -2.32456 0 -2.32456 0 1 1 1 1
-4.36229 2.55077 -1.92804 0.0125883 1.00458 -2.39757 -2.94895 0 -2.94895 0 1 1 1 1
-11.8558 0.349189 3.06628 3.96508 0.920298 2.82736 -2.88467 0 -2.88467 0 1 1 1 1
-1.2988 -2.89573 6.86365 0.7011 -1.44015 -2.37322 -2.36768 0 -2.36768 0 1 1 1 1
-1.76187 -7.02084 -5.48633 -1.45634 -4.81773 -3.53281 -2.83248 0 -2.83248 0 1 1 1 1
-9.63577 -0.144931 -5.25102 -5.88718 1.52627 -0.458036 -2.85006 0 -2.85006 0 1 1 1 1
0.874908 -8.69628 -4.5123 1.48391 3.26424 1.77078 -2.90946 0 -2.90946 0 1 1 1 1
1.07341 3.05443 10.2964 -0.299953 -1.68992 -7.79633 -2.87956 0 -2.87956 0 1 1 1 1
4.0143 3.40224 0.472587 -0.49309 -4.2086 -2.43773 -2.66591 0 -2.66591 0 1 1 1 1
-3.84924 1.68649 9.49636 -1.40545 1.11327 1.01539 -2.7704 0 -2.7704 0 1 1 1 1
-15.3692 -9.81667 8.17973 -2.90203 -5.37185 0.307342 -2.83752 0 -2.83752 0 1 1 1 1
1.49282 -1.22888 -6.29613 -3.79599 4.92915 -4.26615 -2.98234 0 -2.98234 0 1 1 1 1
-4.26183 -10.0481 1.58926 1.50381 4.59457 -0.452247 -2.84181 0 -2.84181 0 1 1 1 1
-1.77861 -6.32563 5.88732 -1.37285 -1.12956 -0.301086 -2.85186 0 -2.85186 0 1 1 1 1
-7.44125 2.96964 7.5238 -4.5356 3.10167 -3.46756 -2.91982 0 -2.91982 0 1 1 1 1
-2.4852 -2.1448 -3.88257 -0.605328 3.35489 0.372542 -2.79561 0 -2.79561 0 1 1 1 1
6.3978 -10.9157 3.97725 -2.12492 -0.64762 1.7708 -2.92573 0 -2.92573 0 1 1 1 1
-9.95857 -6.31231 4.72374 -0.145548 -0.55363 2.61115 -2.75667 0 -2.75667 0 1 1 1 1
0.258854 -0.278986 4.25993 1.4736 -1.78953 0.0990806 -2.94914 0 -2.94914 0 1 1 1 1
-7.40711 6.72742 9.76086 -5.69637 0.00532225 0.483001 -2.88465 0 -2.88465 0 1 1 1 1
2.35692 -2.35034 7.10776 -2.68132 -2.89294 2.27691 -2.27839 0 -2.27839 0 1 1 1 1
2.88347 -4.69154 -4.15934 -4.1056 -4.08744 1.29145 -2.85953 0 -2.85953 0 1 1 1 1
-1.53734 1.20438 0.0739661 -1.20941 -3.99845 0.588948 -2.50041 0 -2.50041 0 1 1 1 1
0.751883 1.01355 -0.303602 -0.47378 3.50255 0.638766 -2.83022 0 -2.83022 0 1 1 1 1
-7.97338 -4.64237 3.73186 6.26414 4.51328 -0.121856 -2.82434 0 -2.82434 0 1 1 1 1
5.32546 -15.2392 3.00003 -6.6124 0.476721 2.37801 -2.98548 0 -2.98548 0 1 1 1 1
6.32934 -3.24916 -8.07177 0.38028 -1.5018 0.77007 -2.94686 0 -2.94686 0 1 1 1 1
-10.6088 0.432387 -11.6229 -6.73096 -1.98119 -1.55205 -2.92 0 -2.92 0 1 1 1 1
-12.9057 -5.35851 0.512075 -3.64843 2.23048 -0.778608 -2.41665 0 -2.41665 0 1 1 1 1
0.342324 -1.13906 -3.66604 -8.37474 2.15109 -4.30432 -2.98165 0 -2.98165 0 1 1 1 1
-10.6043 -4.04873 -1.68857 4.8635 -1.6745 2.91135 -2.98469 0 -2.98469 0 1 1 1 1
12.8485 2.77963 7.98641 -0.0273461 -1.9064 0.345278 -2.82372 0 -2.82372 0 1 1 1 1
7.75856 3.09076 10.6343 -0.648531 -4.32508 0.39677 -2.54441 0 -2.54441 0 1 1 1 1
-4.16841 -3.90829 1.31491 0.810808 -3.76293 0.775483 -2.97842 0 -2.97842 0 1 1 1 1
0.171775 -4.20904 -6.03364 5.02479 -1.9804 2.58286 -2.89718 0 -2.89718 0 1 1 1 1
-10.9319 5.22775 -2.35013 3.70073 -1.14581 -0.193151 -2.94113 0 -2.94113 0 1 1 1 1
3.15374 9.60425 1.52502 -0.985971 0.551465 0.284315 -2.78044 0 -2.78044 0 1 1 1 1
2.73305 8.13796 2.01143 1.31267 0.247639 1.62836 -2.96728 0 -2.96728 0 1 1 1 1
3.2475 0.889322 0.953961 5.08204 -1.42632 -3.05232 -2.87584 0 -2.87584 0 1 1 1 1
0.756857 -5.95373 1.36594 5.11144 1.53095 -0.547367 -2.8838 0 -2.8838 0 1 1 1 1
0.0611778 -3.36121 -1.67668 -4.50871 -5.67902 -0.709132 -2.78707 0 -2.78707 0 1 1 1 1
5.23155 2.79123 0.942506 3.36879 1.00032 -2.58385 -2.60467 0 -2.60467 0 1 1 1 1
10.1103 6.84139 12.7272 -1.1501 2.32879 -1.59574 -2.63816 0 -2.63816 0 1 1 1 1
-6.00434 -5.55662 -7.42249 1.82639 2.21928 -1.04267 -2.69448 0 -2.69448 0 1 1 1 1
-4.76585 0.956624 5.14159 0.894736 -0.1743 1.67964 -2.6543 0 -2.6543 0 1 1 1 1
-7.42361 -7.44626 -5.239 2.762 -3.51313 4.25483 -2.73802 0 -2.73802 0 1 1 1 1
1.89393 -3.22424 -14.1044 1.1408 0.763819 1.66914 -2.71364 0 -2.71364 0 1 1 1 1
7.33716 -2.67962 7.94748 -2.67953 -1.37573 -1.65864 -2.67078 0 -2.67078 0 1 1 1 1
-1.80512 -2.04633 5.50499 2.50618 5.77834 -0.66184 -2.85608 0 -2.85608 0 1 1 1 1
-4.35495 1.0753 -4.25561 -2.09883 -0.606423 4.38101 -2.84508 0 -2.84508 0 1 1 1 1
-4.04081 -7.95598 3.93233 -8.21541 1.78454 -0.934141 -2.771 0 -2.771 0 1 1 1 1
-8.85239 -3.2769 11.533 4.68426 4.0249 0.72967 -2.98339 0 -2.98339 0 1 1 1 1
-12.2789 5.87562 -7.49574 6.91334 -0.386535 4.53195 -2.85256 0 -2.85256 0 1 1 1 1
-4.18335 -4.34331 -3.65902 -2.01881 -1.26469 -5.8184 -2.90798 0 -2.90798 0 1 1 1 1
-6.46549 2.11901 4.66876 2.15994 -0.85895 -1.66574 -2.97681 0 -2.97681 0 1 1 1 1
-0.497419 3.92007 -4.78148 -2.11868 2.81514 -3.50147 -2.87286 0 -2.87286 0 1 1 1 1
-4.2549 -1.95838 3.33919 -1.8938 4.62659 -0.0800051 -2.9914 0 -2.9914 0 1 1 1 1
