-1.48279 5.8872 -1.80543 -0.987527 2.32894 -0.971325 0 0 0 0 1 1 1 1
-5.59147 -1.39222 1.72803 -3.19832 -6.42506 -2.14482 0 0 0 0 1 1 1 1
-5.47375 -6.64694 4.94435 -1.05522 -0.819642 -7.19647 0 0 0 0 1 1 1 1
3.07081 -1.51529 5.76016 -0.758194 1.11965 4.60176 0 0 0 0 1 1 1 1
5.82623 3.82959 -1.53642 0.754494 -1.97308 -1.19483 0 0 0 0 1 1 1 1
1.96617 -2.57149 4.47578 6.95671 1.49645 -1.12418 0 0 0 0 1 1 1 1
3.28525 -0.0487871 4.48114 -5.64328 -2.15298 2.05624 0 0 0 0 1 1 1 1
0.539658 0.386766 5.89338 9.4695 9.25726 -1.17835 0 0 0 0 1 1 1 1
4.41671 -0.971732 -2.37031 8.0599 -1.03603 0.111698 0 0 0 0 1 1 1 1
-4.42172 -2.72873 3.94519 -1.64696 -0.645708 -3.13707 0 0 0 0 1 1 1 1
-1.34787 4.35807 4.34735 2.77967 4.0443 2.67537 0 0 0 0 1 1 1 1
1.09499 3.7259 -5.5589 -5.44428 2.13245 2.12773 0 0 0 0 1 1 1 1
2.78577 1.81663 -0.559647 7.42547 -0.130891 -7.8264 0 0 0 0 1 1 1 1
1.99397 3.69956 6.36373 3.44203 -1.43213 4.53604 0 0 0 0 1 1 1 1
1.3422 -5.04261 4.85503 -3.82979 9.22046 6.5887 0 0 0 0 1 1 1 1
-2.76667 0.120065 -2.91057 -4.8867 -7.42478 1.26752 0 0 0 0 1 1 1 1
-1.44572 0.00928646 2.8923 -3.14053 -0.928267 6.05542 0 0 0 0 1 1 1 1
-3.43417 -2.76153 0.0112307 0.762898 -4.5443 -3.11563 0 0 0 0 1 1 1 1
-0.463585 -2.71199 2.42721 1.54241 1.49148 2.95687 0 0 0 0 1 1 1 1
0.0238363 -1.49908 -4.24489 -5.51919 8.03424 -0.557122 0 0 0 0 1 1 1 1
-1.29805 -0.891001 3.04361 -1.22444 1.35015 0.686677 0 0 0 0 1 1 1 1
2.75179 7.25218 0.508646 1.63129 0.634137 -0.027727 0 0 0 0 1 1 1 1
3.35861 3.22646 -4.65812 8.08495 -3.90853 -1.03179 0 0 0 0 1 1 1 1
-5.53344 -8.68051 5.99334 -2.56188 3.35366 7.09336 0 0 0 0 1 1 1 1
5.76482 -2.06541 0.00413603 0.499807 9.889 -0.575484 0 0 0 0 1 1 1 1
-8.58792 -0.975384 5.2123 -3.73816 1.62842 11.1722 0 0 0 0 1 1 1 1
-5.51241 -0.249248 3.47577 2.71426 4.61929 -1.69729 0 0 0 0 1 1 1 1
-4.91523 1.13648 -3.29346 -5.51284 1.7781 4.79546 0 0 0 0 1 1 1 1
-2.9171 8.07237 0.591507 3.84782 7.4942 -7.23063 0 0 0 0 1 1 1 1
-1.45603 -4.4492 -1.86037 5.44432 -7.25668 -9.9632 0 0 0 0 1 1 1 1
-0.327375 0.150823 -4.11023 -6.85072 0.0704856 -3.49523 0 0 0 0 1 1 1 1
1.1452 -2.68456 -0.142964 -2.80025 5.04936 -3.10698 0 0 0 0 1 1 1 1
-4.07693 -2.49168 2.07358 6.30441 -1.55042 1.142 0 0 0 0 1 1 1 1
3.00753 -3.12998 -2.6856 0.199919 -4.44352 -7.32441 0 0 0 0 1 1 1 1
-5.02614 1.88325 -4.64817 2.99363 -2.43986 7.11018 0 0 0 0 1 1 1 1
3.39445 -5.68046 1.70863 3.07254 0.598543 2.78943 0 0 0 0 1 1 1 1
2.56548 3.19466 -3.75819 -6.72227 8.99436 3.28342 0 0 0 0 1 1 1 1
0.753431 4.40913 3.9823 6.34914 1.69127 -4.2129 0 0 0 0 1 1 1 1
1.99532 -1.79838 -2.2535 1.6927 1.18476 -10.0152 0 0 0 0 1 1 1 1
4.71034 1.70819 3.15207 9.62268 -2.4524 -0.619111 0 0 0 0 1 1 1 1
3.43208 -8.17919 1.18045 0.152499 -4.8611 4.41627 0 0 0 0 1 1 1 1
-2.87168 -6.19042 -4.88933 10.233 -4.42711 5.58581 0 0 0 0 1 1 1 1
-2.91513 -0.0614653 1.64966 1.55933 -0.108852 -2.3684 0 0 0 0 1 1 1 1
4.03977 4.56901 4.70396 1.27751 -0.135767 7.04846 0 0 0 0 1 1 1 1
1.75502 2.1751 5.05068 -13.3647 6.10014 -8.14831 0 0 0 0 1 1 1 1
2.86601 -0.641809 4.09351 -4.8546 -3.49118 5.06194 0 0 0 0 1 1 1 1
-4.35173 -4.61542 -1.81955 1.20755 -1.25351 7.29792 0 0 0 0 1 1 1 1
3.53141 4.2369 3.75072 -2.62677 8.38462 -1.6573 0 0 0 0 1 1 1 1
2.76513 -5.68961 4.34758 -10.834 -2.83327 1.58946 0 0 0 0 1 1 1 1
-1.75686 -1.35291 -2.00203 -4.44714 -5.12282 9.18985 0 0 0 0 1 1 1 1
-3.37421 -5.4388 1.63674 2.9209 -1.51795 6.59655 0 0 0 0 1 1 1 1
1.3365 -5.02737 0.0270364 5.32879 3.47571 4.88216 0 0 0 0 1 1 1 1
-0.0225691 -4.6119 -1.04971 4.38519 9.70916 -6.21569 0 0 0 0 1 1 1 1
-4.65461 0.625787 6.99785 6.31628 -2.74847 -3.55879 0 0 0 0 1 1 1 1
-2.17415 -2.18007 -2.95767 -10.2263 4.81868 6.87226 0 0 0 0 1 1 1 1
6.12628 -2.47644 4.99372 1.44956 2.3123 0.956624 0 0 0 0 1 1 1 1
2.47053 4.24872 2.71013 3.75701 -1.81957 3.14451 0 0 0 0 1 1 1 1
-5.13534 -6.11113 -3.89082 -3.14657 -8.7345 -1.49877 0 0 0 0 1 1 1 1
-4.56017 -2.88414 -1.21952 -2.67521 7.7476 -1.29302 0 0 0 0 1 1 1 1
0.869201 -2.16218 -2.41227 4.24899 -4.45666 -3.66128 0 0 0 0 1 1 1 1
3.54587 2.92257 -0.151671 -1.05033 -3.71718 -1.88584 0 0 0 0 1 1 1 1
-6.28002 -0.0937699 -0.704777 -8.63891 -3.22667 -2.82967 0 0 0 0 1 1 1 1
1.78482 5.12466 -1.03623 -5.01627 -1.99451 -11.1669 0 0 0 0 1 1 1 1
1.43927 -2.30511 -4.12496 -1.43661 -5.56739 12.9951 0 0 0 0 1 1 1 1
-3.88879 0.260101 -5.89058 1.35705 -6.69654 8.9505 0 0 0 0 1 1 1 1
0.659186 0.379732 10.0083 -0.933468 -9.38451 -0.0751997 0 0 0 0 1 1 1 1
-5.76657 -0.495961 -2.53003 2.82291 -2.46286 0.815742 0 0 0 0 1 1 1 1
3.78392 2.67649 2.87761 1.38867 -6.21879 0.953963 0 0 0 0 1 1 1 1
3.06906 -6.90979 6.04813 1.34549 -2.0528 -2.89778 0 0 0 0 1 1 1 1
6.57411 3.11767 -1.28103 -3.44971 -1.65905 6.70877 0 0 0 0 1 1 1 1
3.91929 -7.0773 -0.758271 -3.35472 -1.83581 2.13001 0 0 0 0 1 1 1 1
-3.27942 -5.66354 4.96677 -5.88645 -3.61853 -2.5322 0 0 0 0 1 1 1 1
-4.82278 -0.741311 2.25227 1.24344 -2.09673 0.669226 0 0 0 0 1 1 1 1
1.32654 2.71004 1.53247 3.89608 -0.878004 -13.5879 0 0 0 0 1 1 1 1
-3.45013 -6.769 1.79423 5.30731 0.28856 2.53791 0 0 0 0 1 1 1 1
-4.45645 -1.09684 3.06984 -5.60351 5.1919 13.4132 0 0 0 0 1 1 1 1
5.4631 6.87166 5.03394 -0.566861 -0.890954 3.62827 0 0 0 0 1 1 1 1
-2.84226 -0.979539 3.60407 3.70069 -3.20475 9.80539 0 0 0 0 1 1 1 1
4.24672 -7.33355 2.82345 -3.92789 -9.21963 1.42407 0 0 0 0 1 1 1 1
4.81424 5.27598 -3.59655 -2.07301 0.409944 -2.27519 0 0 0 0 1 1 1 1
-0.540119 1.09273 3.1351 2.11378 -4.24691 -0.615289 0 0 0 0 1 1 1 1
-1.67627 -3.33903 -5.87793 -1.10768 -2.27269 1.26264 0 0 0 0 1 1 1 1
-0.783997 -6.19197 -4.16383 3.58825 -3.14418 -3.78346 0 0 0 0 1 1 1 1
0.163675 4.02435 8.22849 -1.20662 -3.0416 -0.803286 0 0 0 0 1 1 1 1
4.65061 -5.10101 2.55452 -1.56308 -0.885801 7.79795 0 0 0 0 1 1 1 1
0.784294 0.322174 1.25703 3.46505 5.57981 -4.71689 0 0 0 0 1 1 1 1
2.54535 7.97389 3.42191 -5.02945 -6.5864 3.97379 0 0 0 0 1 1 1 1
-0.816824 5.75004 0.456588 0.988753 -2.63426 -2.95382 0 0 0 0 1 1 1 1
-8.1735 -2.43029 2.97011 6.35867 -0.147311 -3.37148 0 0 0 0 1 1 1 1
0.430493 7.30064 6.75357 -11.4583 -1.57013 13.5342 0 0 0 0 1 1 1 1
2.38524 -4.14758 2.70945 -1.23309 -1.22038 0.371921 0 0 0 0 1 1 1 1
-4.56024 -3.82079 0.367372 -2.48873 14.4349 -0.393131 0 0 0 0 1 1 1 1
-6.48624 1.38672 -0.332291 4.92188 -5.99854 0.665341 0 0 0 0 1 1 1 1
4.56031 5.94927 -4.61323 -3.00443 0.926964 -6.41102 0 0 0 0 1 1 1 1
2.75747 -4.44822 -0.855126 10.7039 -7.14126 2.77842 0 0 0 0 1 1 1 1
-5.02484 6.61918 0.152367 -8.01654 -0.654561 -13.7193 0 0 0 0 1 1 1 1
2.71272 -4.74195 -4.1745 -1.56583 -4.15716 -1.95241 0 0 0 0 1 1 1 1
1.0779 4.31624 1.63826 2.97044 0.303959 2.19648 0 0 0 0 1 1 1 1
2.13729 -3.84154 5.2911 -3.93295 3.59698 0.564395 0 0 0 0 1 1 1 1
-6.43162 1.17592 5.23094 4.0127 7.98907 14.9107 0 0 0 0 1 1 1 1
4.07187 5.75037 4.52163 6.62948 -6.0975 0.0826542 0 0 0 0 1 1 1 1
-4.31093 2.405 4.28894 2.28628 -1.77197 9.40336 0 0 0 0 1 1 1 1
0.553006 -4.458 -3.2181 -3.38691 -0.18967 3.21465 0 0 0 0 1 1 1 1
-2.32885 -0.134775 2.58126 4.82031 -7.0682 -0.444602 0 0 0 0 1 1 1 1
5.61457 -7.26165 -3.33128 -4.05206 -0.478616 10.2086 0 0 0 0 1 1 1 1
0.668082 0.334403 2.14653 -1.58499 3.6644 -0.0500043 0 0 0 0 1 1 1 1
-1.79559 5.36713 -3.28326 4.76746 -4.9787 -1.50453 0 0 0 0 1 1 1 1
-7.92828 -5.65007 3.73745 -10.311 -11.7062 3.27664 0 0 0 0 1 1 1 1
-3.80908 -4.47489 3.00219 -10.7682 4.91021 -1.50666 0 0 0 0 1 1 1 1
5.95631 -3.87806 -3.05509 3.47251 -2.63946 -9.59026 0 0 0 0 1 1 1 1
-3.44372 -2.77877 3.09932 -2.92216 -11.4933 -6.08824 0 0 0 0 1 1 1 1
-5.57494 -4.82275 -2.52492 -4.18919 0.555968 3.71028 0 0 0 0 1 1 1 1
-7.14574 -1.96461 8.15669 -0.818872 -0.636915 -3.47466 0 0 0 0 1 1 1 1
3.16559 4.84138 -0.513811 -3.17208 -5.63436 -6.97949 0 0 0 0 1 1 1 1
-0.158038 -0.850252 -2.26568 -10.5826 -4.3152 -0.119963 0 0 0 0 1 1 1 1
-0.364083 -2.40092 7.03459 -6.21233 4.48274 -5.80002 0 0 0 0 1 1 1 1
-6.64576 -6.1 2.09607 8.65218 -2.41475 11.4315 0 0 0 0 1 1 1 1
3.13181 5.39261 5.31881 1.55183 -6.65043 -0.932589 0 0 0 0 1 1 1 1
1.72883 6.05099 2.80641 4.01191 3.95486 0.218461 0 0 0 0 1 1 1 1
-5.43244 4.7176 -4.77253 -3.35201 -0.0533838 -3.04979 0 0 0 0 1 1 1 1
-0.695762 1.27928 -2.59288 5.93903 -5.57307 -7.02798 0 0 0 0 1 1 1 1
4.18243 -3.55649 0.0253268 -2.89566 -1.38508 0.285436 0 0 0 0 1 1 1 1
-3.58536 -3.81928 -0.372068 7.22535 -1.05932 -4.5913 0 0 0 0 1 1 1 1
-5.84722 5.58159 2.10293 5.5267 9.88264 -3.14535 0 0 0 0 1 1 1 1
2.20306 4.20946 -3.75002 8.94231 -3.70777 -0.794891 0 0 0 0 1 1 1 1
-0.217171 2.02686 -0.593748 4.46855 7.70587 3.29002 0 0 0 0 1 1 1 1
-2.25749 1.57134 -8.93821 3.48217 -9.21158 4.26062 0 0 0 0 1 1 1 1
-4.69166 3.57342 3.86063 2.97953 4.30986 1.21466 0 0 0 0 1 1 1 1
0.441139 1.70379 -3.26477 4.85384 5.74432 -4.20543 0 0 0 0 1 1 1 1
-1.27141 -0.872133 1.89264 -3.09845 -0.93838 2.06413 0 0 0 0 1 1 1 1
-1.12692 4.50931 -2.51985 -6.24395 4.53214 -7.35836 0 0 0 0 1 1 1 1
-2.14575 7.06915 5.26037 -0.955625 0.367644 7.60358 0 0 0 0 1 1 1 1
-0.352185 -5.34682 -1.52697 0.0123054 -10.3948 -5.4238 0 0 0 0 1 1 1 1
4.64903 -0.792494 6.35025 -5.56057 -0.186243 -3.40934 0 0 0 0 1 1 1 1
0.260949 1.55908 0.759154 -3.28666 2.89556 -2.74939 0 0 0 0 1 1 1 1
-2.12433 -0.860366 -4.59228 10.371 -1.80338 0.552826 0 0 0 0 1 1 1 1
-0.0572214 -1.14481 -6.87036 -4.23933 1.66552 4.61219 0 0 0 0 1 1 1 1
-3.00019 -5.53222 3.22825 -1.41534 1.74497 -9.31903 0 0 0 0 1 1 1 1
2.18953 0.0982433 -1.01113 -8.1528 -3.66019 -6.98574 0 0 0 0 1 1 1 1
-6.64163 -4.15822 3.64761 6.07643 -4.23164 -1.32321 0 0 0 0 1 1 1 1
0.685251 -2.96759 -0.823834 5.05287 -5.88526 -4.58085 0 0 0 0 1 1 1 1
-1.67022 0.912895 -4.73695 -10.7471 4.39208 1.85746 0 0 0 0 1 1 1 1
0.741381 1.37691 6.05657 -10.6271 -4.38268 4.4538 0 0 0 0 1 1 1 1
-3.36852 4.10512 0.403662 0.202135 6.21843 -2.08353 0 0 0 0 1 1 1 1
-3.90223 -5.23879 2.75467 -3.09569 -3.78787 0.740365 0 0 0 0 1 1 1 1
1.10542 -2.1085 0.386949 1.59518 2.29978 -2.93155 0 0 0 0 1 1 1 1
-0.554751 6.67826 -5.75988 0.274333 -5.01129 1.50203 0 0 0 0 1 1 1 1
7.71869 -3.77692 0.501227 4.26932 5.3559 4.36234 0 0 0 0 1 1 1 1
-5.73355 1.93497 -3.49281 -5.34117 -0.79953 16.4538 0 0 0 0 1 1 1 1
0.841746 2.09512 -0.347118 -4.88877 -5.8486 -5.7284 0 0 0 0 1 1 1 1
0.183174 3.26091 3.73813 -1.27253 3.03615 -0.420372 0 0 0 0 1 1 1 1
-0.52226 2.82372 -8.07882 -3.50241 3.26386 1.94452 0 0 0 0 1 1 1 1
-0.56445 -0.747472 -4.24339 -2.45399 3.0045 -1.23561 0 0 0 0 1 1 1 1
2.28523 -0.904603 0.768277 3.89256 7.24403 10.751 0 0 0 0 1 1 1 1
-4.44214 -0.103274 -5.08421 2.55906 -5.79081 2.12987 0 0 0 0 1 1 1 1
-0.477972 -9.85348 -4.32959 3.163 -3.14377 4.31219 0 0 0 0 1 1 1 1
-3.81009 -1.61077 2.30956 -7.6361 -11.1881 8.5629 0 0 0 0 1 1 1 1
-5.91296 -2.20995 -5.87082 -1.82164 -3.71154 0.892084 0 0 0 0 1 1 1 1
-4.62558 0.0480791 3.83235 1.4447 4.19786 -10.1674 0 0 0 0 1 1 1 1
-6.44218 3.91827 7.17339 -2.82195 -0.661807 -1.35643 0 0 0 0 1 1 1 1
0.190814 -0.193845 1.40575 6.56356 14.0664 0.937613 0 0 0 0 1 1 1 1
7.56214 -0.229539 6.98312 -0.866724 5.6343 -8.37629 0 0 0 0 1 1 1 1
-1.83956 0.350433 -2.78669 -6.61434 -2.30003 1.73322 0 0 0 0 1 1 1 1
-1.04532 -2.8946 -1.72413 3.48071 3.43602 -0.567132 0 0 0 0 1 1 1 1
-2.56979 -1.0238 2.6606 -12.3078 2.15296 -4.75636 0 0 0 0 1 1 1 1
-0.331471 -2.60243 5.61786 3.40431 1.66829 -2.44771 0 0 0 0 1 1 1 1
6.20641 -4.59645 4.23458 1.59831 6.33256 13.3771 0 0 0 0 1 1 1 1
2.20056 -2.75893 -2.28941 -6.53423 -0.460605 0.66179 0 0 0 0 1 1 1 1
3.87295 2.01097 -2.55782 -3.60253 0.463655 -0.270215 0 0 0 0 1 1 1 1
-0.146579 -7.41694 1.94696 -8.26735 -10.6893 13.0969 0 0 0 0 1 1 1 1
2.49986 -3.07346 -5.9332 5.14122 -0.956707 1.32316 0 0 0 0 1 1 1 1
4.63865 0.45846 2.82557 6.11679 0.990101 8.2355 0 0 0 0 1 1 1 1
4.3276 4.04852 -2.22396 -4.87099 -2.52061 -3.81741 0 0 0 0 1 1 1 1
-7.39299 -6.53521 -5.83094 -3.81698 2.77297 -0.0550582 0 0 0 0 1 1 1 1
2.63052 -5.9902 -1.76099 7.59792 10.4311 -2.97327 0 0 0 0 1 1 1 1
-2.14772 2.14422 -3.5022 6.7943 1.95317 5.65571 0 0 0 0 1 1 1 1
-2.65742 -0.399201 0.0279289 4.06666 4.89689 8.37336 0 0 0 0 1 1 1 1
1.67278 5.43249 4.46746 0.487261 0.0696581 -5.66148 0 0 0 0 1 1 1 1
-4.91762 -2.36961 -3.33694 7.21811 -14.1331 2.93266 0 0 0 0 1 1 1 1
1.25102 -3.15886 -4.60713 -7.44939 0.256008 3.42315 0 0 0 0 1 1 1 1
-1.57339 1.68055 -5.37411 1.98511 5.06429 -8.25993 0 0 0 0 1 1 1 1
0.287918 0.0637958 4.02678 -3.05671 2.17246 -0.722432 0 0 0 0 1 1 1 1
5.95025 1.88132 2.06944 12.5347 -11.5521 4.79749 0 0 0 0 1 1 1 1
1.5004 -0.916713 -1.13134 -3.36534 -2.88759 3.03611 0 0 0 0 1 1 1 1
-2.64884 3.86705 -2.09254 2.94567 -2.48755 9.96753 0 0 0 0 1 1 1 1
3.5822 -0.403113 -4.21779 1.62589 4.29018 0.228817 0 0 0 0 1 1 1 1
-7.3086 5.78694 -5.75787 -4.71986 -8.09397 -13.9941 0 0 0 0 1 1 1 1
3.76631 3.59327 4.42807 10.2817 2.61623 1.77622 0 0 0 0 1 1 1 1
-6.29211 -5.35326 -2.6827 -4.34043 6.01104 6.05633 0 0 0 0 1 1 1 1
-1.92296 1.67854 -1.00301 2.88348 3.43913 -3.38587 0 0 0 0 1 1 1 1
1.58037 3.41702 -2.94127 -0.941909 0.150079 -4.28923 0 0 0 0 1 1 1 1
3.41567 1.09128 3.08115 -8.90612 7.23634 -3.00139 0 0 0 0 1 1 1 1
4.96902 4.44435 3.70465 2.08108 -3.63708 8.56159 0 0 0 0 1 1 1 1
-3.5236 3.33451 -4.88266 2.23191 -2.59308 7.20609 0 0 0 0 1 1 1 1
-1.3822 -5.97749 3.40041 -1.90953 -4.99225 10.6753 0 0 0 0 1 1 1 1
-1.56694 -2.63236 2.70687 7.59096 -4.11016 -3.49844 0 0 0 0 1 1 1 1
3.35241 -1.94032 2.28308 4.80796 10.0767 -12.8165 0 0 0 0 1 1 1 1
4.56149 -1.63843 -5.75521 -2.42897 -6.16127 -10.2088 0 0 0 0 1 1 1 1
0.382871 2.08906 -5.89656 -3.6042 -5.81052 -0.512352 0 0 0 0 1 1 1 1
-2.10971 -5.92143 -2.12475 7.19854 0.3672 2.32656 0 0 0 0 1 1 1 1
-3.26711 -0.338828 2.81834 -6.85258 -9.10367 -0.997059 0 0 0 0 1 1 1 1
0.0319421 -1.69091 1.62036 1.30484 4.13376 -2.6465 0 0 0 0 1 1 1 1
0.82668 -0.19499 -4.87169 -1.46328 -6.35574 0.591247 0 0 0 0 1 1 1 1
-7.40062 1.76624 2.26765 4.75089 -5.40699 -2.87278 0 0 0 0 1 1 1 1
-3.5731 -1.58618 -0.702715 -7.92695 -3.15792 -11.1786 0 0 0 0 1 1 1 1
2.04183 3.04917 -5.60246 1.84057 -2.42359 1.2454 0 0 0 0 1 1 1 1
3.16405 -1.14945 -1.01089 -1.13695 -4.14118 -0.671576 0 0 0 0 1 1 1 1
4.91808 2.7367 -3.40073 4.11744 -5.25249 -3.25968 0 0 0 0 1 1 1 1
0.137508 -5.42411 4.81115 -2.12484 -8.15072 -0.0321647 0 0 0 0 1 1 1 1
-3.49285 2.99321 0.695808 4.52902 -3.96136 -4.14298 0 0 0 0 1 1 1 1
5.29279 -5.13987 1.37931 -4.44628 0.0604383 8.0614 0 0 0 0 1 1 1 1
-5.59826 -5.3111 5.70842 -1.64168 1.94034 -4.73965 0 0 0 0 1 1 1 1
-6.97546 0.240207 -3.92683 3.86265 2.87049 1.24027 0 0 0 0 1 1 1 1
3.53033 -7.94219 2.91702 -2.91267 7.01606 3.45252 0 0 0 0 1 1 1 1
-2.5591 -5.44552 -1.67083 -5.96653 4.81353 -1.75704 0 0 0 0 1 1 1 1
-3.38499 -1.08828 4.38466 -0.68944 1.11445 -9.74302 0 0 0 0 1 1 1 1
1.18664 -3.29546 -2.6144 -5.20131 -3.20757 -13.0994 0 0 0 0 1 1 1 1
-2.97025 2.63355 3.31107 8.72828 -4.98472 5.47024 0 0 0 0 1 1 1 1
-6.62288 3.97466 -3.21824 -2.9247 4.47734 10.5666 0 0 0 0 1 1 1 1
-4.23566 -0.945037 -4.65596 3.82558 8.35927 -4.01184 0 0 0 0 1 1 1 1
2.80853 -0.112298 0.57792 3.19483 7.4057 6.32194 0 0 0 0 1 1 1 1
0.479385 4.82614 1.11889 -5.00576 2.34286 -3.3808 0 0 0 0 1 1 1 1
-7.78289 -3.46088 -5.52107 6.25819 6.30655 6.60256 0 0 0 0 1 1 1 1
-2.80655 6.30096 4.00436 7.45925 -0.376783 -5.39577 0 0 0 0 1 1 1 1
0.945174 -2.09645 5.77928 0.115952 -2.92015 -7.08002 0 0 0 0 1 1 1 1
0.310707 -4.76841 0.288811 5.76624 6.4321 -3.4166 0 0 0 0 1 1 1 1
-3.15605 3.40384 -0.520387 2.93026 3.92135 4.46261 0 0 0 0 1 1 1 1
2.60199 3.33971 2.75241 -2.60305 -1.66887 -3.32023 0 0 0 0 1 1 1 1
-0.475759 6.99148 3.70968 -1.04313 -0.340784 -7.26913 0 0 0 0 1 1 1 1
-0.854867 3.48692 1.78242 3.38816 4.66578 -1.69993 0 0 0 0 1 1 1 1
1.43331 -3.74894 0.446174 -11.0279 -3.16213 0.58037 0 0 0 0 1 1 1 1
1.47327 -0.908351 0.425579 -7.38608 8.68417 4.87452 0 0 0 0 1 1 1 1
3.03968 3.61098 -1.34044 -5.28793 -5.12369 -1.33906 0 0 0 0 1 1 1 1
7.00423 5.09234 2.94271 -3.07099 2.18686 4.39957 0 0 0 0 1 1 1 1
-0.783344 -2.58109 4.72568 -6.60211 -4.36687 -2.00859 0 0 0 0 1 1 1 1
-2.78729 -1.93899 -7.71029 4.40817 -3.03054 -1.95109 0 0 0 0 1 1 1 1
-0.510839 1.30483 4.89101 0.652632 -2.42926 0.586713 0 0 0 0 1 1 1 1
2.2734 -4.03717 -0.145275 4.2945 -0.62004 7.4996 0 0 0 0 1 1 1 1
-7.661 2.2843 -0.845559 -9.35789 1.91957 5.10967 0 0 0 0 1 1 1 1
-5.17609 -2.94979 2.95741 1.42683 1.50418 0.256628 0 0 0 0 1 1 1 1
-2.9253 2.04121 -1.03 -3.79773 2.31875 2.4958 0 0 0 0 1 1 1 1
1.64369 -1.38112 -3.26319 -3.11873 2.96554 -4.26977 0 0 0 0 1 1 1 1
2.47843 4.93024 1.64944 -5.41739 -5.73606 -4.00235 0 0 0 0 1 1 1 1
-1.57639 4.03242 -3.94177 -3.33242 0.220112 -2.17476 0 0 0 0 1 1 1 1
3.61678 -1.78373 -6.78969 6.72588 -5.39632 2.1316 0 0 0 0 1 1 1 1
-6.27494 -0.781056 -7.6469 -6.47069 2.61351 -0.716149 0 0 0 0 1 1 1 1
-1.09757 -0.476598 -2.16141 -7.43599 1.86155 -0.441709 0 0 0 0 1 1 1 1
-4.17362 3.48425 -0.294752 -4.30562 7.05386 -6.34835 0 0 0 0 1 1 1 1
0.504321 -4.09021 -0.198292 3.52988 -12.354 -1.21131 0 0 0 0 1 1 1 1
-5.24861 -3.9414 -0.115367 1.58113 5.75565 -6.15661 0 0 0 0 1 1 1 1
6.47121 -5.51982 -2.40259 -6.70534 14.1298 9.56893 0 0 0 0 1 1 1 1
0.277735 -1.89244 4.84815 3.38649 6.82101 -3.82742 0 0 0 0 1 1 1 1
-3.66165 -0.390112 5.0106 -12.0059 -8.54265 -1.5029 0 0 0 0 1 1 1 1
-2.78676 2.26853 -2.46695 3.31216 -8.65415 -2.57947 0 0 0 0 1 1 1 1
4.24644 0.0196359 1.03624 -2.36678 4.19098 -7.59215 0 0 0 0 1 1 1 1
-0.33093 4.1591 4.14222 13.3173 -6.77154 0.265769 0 0 0 0 1 1 1 1
-6.65444 5.18498 -7.06107 9.85888 10.7717 -5.72819 0 0 0 0 1 1 1 1
-6.89814 -3.88489 4.53516 -3.9094 -3.76267 8.29766 0 0 0 0 1 1 1 1
0.848221 -4.51277 4.38387 -2.45553 -2.87969 4.0624 0 0 0 0 1 1 1 1
-3.58337 -0.841133 -3.19277 5.06638 -6.45234 2.38831 0 0 0 0 1 1 1 1
-2.70461 -3.76893 -5.59965 2.21545 5.07837 -1.96147 0 0 0 0 1 1 1 1
4.62439 -0.843565 1.54533 3.76559 -2.44119 3.39307 0 0 0 0 1 1 1 1
7.41051 -0.629599 3.81606 1.45194 -2.58981 1.14208 0 0 0 0 1 1 1 1
-5.37975 1.84465 -1.20224 0.450587 -2.21265 0.924263 0 0 0 0 1 1 1 1
-3.51491 -6.94093 8.19364 -4.99257 2.63498 4.54084 0 0 0 0 1 1 1 1
0.213803 0.908488 -2.22222 2.43315 -8.20441 6.83512 0 0 0 0 1 1 1 1
-0.168143 0.312667 -0.928625 -3.9358 7.92339 -11.117 0 0 0 0 1 1 1 1
-2.13762 -3.7246 2.80747 -1.37239 -4.79427 -1.73235 0 0 0 0 1 1 1 1
-5.97069 2.62967 4.72668 -0.664932 -3.72088 3.8466 0 0 0 0 1 1 1 1
-0.48259 0.0708882 2.97368 -1.9054 1.10589 6.86189 0 0 0 0 1 1 1 1
-3.58298 -5.20578 -5.56516 -2.17859 -5.84776 3.54625 0 0 0 0 1 1 1 1
-5.47717 4.11915 5.70145 1.66067 5.29224 1.64077 0 0 0 0 1 1 1 1
4.27718 2.3621 -1.88914 0.131395 1.60603 7.4307 0 0 0 0 1 1 1 1
2.07288 4.7988 -4.57386 0.158978 1.4064 -6.14589 0 0 0 0 1 1 1 1
-6.17381 -5.94638 5.24732 -1.14907 -5.62227 -8.25277 0 0 0 0 1 1 1 1
0.0775323 3.20176 -5.88662 16.8674 -5.76852 -0.418036 0 0 0 0 1 1 1 1
-1.64562 -6.03431 0.521454 9.13121 4.36825 3.8463 0 0 0 0 1 1 1 1
1.25081 -0.435068 3.83608 0.76792 -0.0143304 7.0066 0 0 0 0 1 1 1 1
0.437559 -1.41754 -0.174497 1.85793 14.0997 7.32903 0 0 0 0 1 1 1 1
-1.63923 -1.59563 -1.12905 3.71954 2.77924 -2.03807 0 0 0 0 1 1 1 1
1.70776 2.3722 -2.30282 -6.27627 1.0802 4.57383 0 0 0 0 1 1 1 1
-1.33873 2.56169 -2.88708 -0.598466 -5.79683 -7.54711 0 0 0 0 1 1 1 1
-2.20065 1.18468 -1.63591 1.44044 -3.45235 -5.16445 0 0 0 0 1 1 1 1
-7.17161 -1.93517 -0.127106 -5.86164 -4.85426 -6.38212 0 0 0 0 1 1 1 1
3.56877 1.44907 4.73998 11.4628 3.66141 -0.231902 0 0 0 0 1 1 1 1
-0.697524 4.51791 -5.56551 -4.70208 9.67263 5.07629 0 0 0 0 1 1 1 1
2.26059 0.0642814 4.82214 -2.195 7.55635 6.6935 0 0 0 0 1 1 1 1
-1.54908 2.83871 3.22037 10.1917 -1.43778 1.14072 0 0 0 0 1 1 1 1
-1.19439 0.702789 2.48818 3.22438 -7.79158 -3.98946 0 0 0 0 1 1 1 1
-2.44582 0.864098 -7.62042 -4.82265 3.27208 0.843361 0 0 0 0 1 1 1 1
1.66108 5.36498 -5.23757 1.01594 -2.8987 6.17161 0 0 0 0 1 1 1 1
6.31396 -0.962804 -1.80155 9.35116 8.7348 3.70686 0 0 0 0 1 1 1 1
-4.64984 -3.86916 -3.8842 -8.19065 1.90548 2.76599 0 0 0 0 1 1 1 1
-2.32866 2.13906 5.83681 -0.578805 -0.416222 -2.11208 0 0 0 0 1 1 1 1
-2.41257 5.63884 -3.81407 -4.56302 -8.50129 7.58392 0 0 0 0 1 1 1 1
-1.5858 0.0677281 4.96013 -3.91341 9.64349 1.48265 0 0 0 0 1 1 1 1
3.22571 1.29347 0.819355 9.32459 7.21199 -4.30017 0 0 0 0 1 1 1 1
-2.24056 2.88545 -7.14708 2.97996 3.32027 6.60263 0 0 0 0 1 1 1 1
5.64032 -3.17724 -1.33124 -6.32928 -3.33424 -7.13132 0 0 0 0 1 1 1 1
-1.21268 -3.43425 -2.55329 5.31618 7.0549 4.65343 0 0 0 0 1 1 1 1
1.03058 0.964556 -0.408594 -5.54415 6.49428 -9.9947 0 0 0 0 1 1 1 1
-3.25454 1.66308 6.02649 -0.222157 -1.31531 2.05726 0 0 0 0 1 1 1 1
2.10925 -6.39043 -7.91445 3.9434 -1.96916 -5.72162 0 0 0 0 1 1 1 1
2.03921 -2.74635 0.0553957 -5.82213 8.22352 6.10734 0 0 0 0 1 1 1 1
-2.76675 -1.31911 -2.28143 -4.66328 16.5891 -7.13771 0 0 0 0 1 1 1 1
-0.0637543 -2.49492 -0.263177 2.13755 -3.19542 0.645113 0 0 0 0 1 1 1 1
5.45142 -4.73002 -3.42687 3.22344 2.69777 -0.552128 0 0 0 0 1 1 1 1
2.79043 2.03983 6.73761 -4.64941 -0.89734 4.81041 0 0 0 0 1 1 1 1
-4.304 -4.60511 0.984533 -1.48978 -1.95387 -4.64435 0 0 0 0 1 1 1 1
-0.737579 -0.943138 -3.27032 -4.38812 0.210621 0.340384 0 0 0 0 1 1 1 1
-5.73188 3.0168 -2.92641 2.25617 -0.915265 -4.93606 0 0 0 0 1 1 1 1
2.03341 1.66327 2.37095 6.90527 -0.37351 6.5761 0 0 0 0 1 1 1 1
2.51596 -0.657464 -3.62786 1.31217 5.36106 2.69065 0 0 0 0 1 1 1 1
0.654391 -0.564393 -1.14928 6.08935 2.58806 -11.3786 0 0 0 0 1 1 1 1
-5.38096 -7.94618 -5.00776 2.14601 -7.45762 -4.89682 0 0 0 0 1 1 1 1
4.40627 2.19507 1.56151 -5.76657 4.90416 -2.82671 0 0 0 0 1 1 1 1
2.65139 2.47264 -2.18499 -8.83191 -0.279369 6.06601 0 0 0 0 1 1 1 1
-4.62959 2.73742 0.385913 8.54569 8.67321 -6.17637 0 0 0 0 1 1 1 1
-3.91589 3.49644 -3.15871 4.06162 -0.504652 -0.11223 0 0 0 0 1 1 1 1
-5.7616 5.98481 -0.90229 -13.9531 -9.29899 -11.6513 0 0 0 0 1 1 1 1
-0.918062 -1.79793 2.54958 -5.33784 2.09947 -1.62679 0 0 0 0 1 1 1 1
2.51972 -5.302 -8.76926 -5.11932 3.22878 -1.49206 0 0 0 0 1 1 1 1
-5.4829 -0.0941642 6.49563 7.12154 -1.6404 2.60009 0 0 0 0 1 1 1 1
-2.44111 -0.591154 -1.63987 -0.877618 -7.43075 -1.59865 0 0 0 0 1 1 1 1
4.54696 -2.12214 -1.767 -3.26618 -0.909114 15.1829 0 0 0 0 1 1 1 1
-1.79605 -1.43028 -0.319111 6.37394 0.142568 1.14172 0 0 0 0 1 1 1 1
0.749179 -3.01969 0.906688 1.22302 -5.38168 2.35526 0 0 0 0 1 1 1 1
3.5384 -1.77771 -3.77529 3.57437 -5.67061 -5.55734 0 0 0 0 1 1 1 1
2.46581 1.26808 -1.13896 4.93445 2.72149 8.83993 0 0 0 0 1 1 1 1
-5.51445 -4.52606 1.91691 4.08795 -7.03173 8.53344 0 0 0 0 1 1 1 1
-3.52277 -0.838205 -2.22862 0.435176 6.26438 11.5727 0 0 0 0 1 1 1 1
2.07942 1.31493 -1.95942 11.4574 4.56733 4.68804 0 0 0 0 1 1 1 1
-7.97422 -4.25597 2.68903 15.2526 -4.41579 -4.31967 0 0 0 0 1 1 1 1
-9.14388 -2.9697 1.99467 2.09578 -5.15166 -6.90827 0 0 0 0 1 1 1 1
-4.63115 3.45023 2.14767 -5.0725 -5.46127 1.59011 0 0 0 0 1 1 1 1
-3.59008 1.0792 0.604147 -4.19247 -0.742225 -6.72639 0 0 0 0 1 1 1 1
-9.50667 -1.07078 5.43858 0.721953 -10.1528 1.76981 0 0 0 0 1 1 1 1
1.33505 -0.094452 -0.250001 8.64178 0.836877 6.31808 0 0 0 0 1 1 1 1
-1.80126 3.42205 5.78317 -6.42752 -5.12363 9.26152 0 0 0 0 1 1 1 1
-2.47316 -7.58161 2.38042 -6.2512 4.58401 0.0897085 0 0 0 0 1 1 1 1
-10.493 4.95469 -1.0569 -3.08004 -0.641752 5.88462 0 0 0 0 1 1 1 1
-4.29994 -5.38279 -3.11241 -4.60511 4.74019 -10.6886 0 0 0 0 1 1 1 1
-1.91702 -5.92138 -0.987117 -2.33829 0.0128258 3.46374 0 0 0 0 1 1 1 1
1.4515 -0.360616 7.71528 6.85615 -6.42833 0.665842 0 0 0 0 1 1 1 1
3.48808 -2.71112 2.04025 1.50741 10.7473 3.61044 0 0 0 0 1 1 1 1
-4.64855 -1.68274 -5.43126 -7.6577 -1.39617 1.88583 0 0 0 0 1 1 1 1
-5.23088 2.63889 2.42024 0.85881 -0.190436 12.5821 0 0 0 0 1 1 1 1
3.22992 3.09587 5.30448 7.98493 1.92373 1.01911 0 0 0 0 1 1 1 1
-4.19842 -0.127537 1.45612 -2.06814 4.7586 0.215361 0 0 0 0 1 1 1 1
2.1442 0.28813 -2.81104 2.5612 1.35493 -2.72495 0 0 0 0 1 1 1 1
2.43781 -0.569559 5.84714 -2.05031 0.0602395 -4.79643 0 0 0 0 1 1 1 1
0.453635 -3.11295 2.6926 0.774634 6.30624 1.85056 0 0 0 0 1 1 1 1
2.37356 -0.0293588 1.81627 -2.40266 -3.22982 4.99317 0 0 0 0 1 1 1 1
2.82896 -6.98494 -1.84927 1.65437 -3.88622 -4.16998 0 0 0 0 1 1 1 1
4.98973 -0.209656 -1.94804 3.07831 0.313794 -6.54074 0 0 0 0 1 1 1 1
-0.24519 -4.20443 2.69919 -9.01355 -2.96232 -7.95986 0 0 0 0 1 1 1 1
-2.37512 4.17472 5.45 -0.705186 -0.630234 -5.48974 0 0 0 0 1 1 1 1
-6.34451 2.20804 6.88722 -13.8922 1.45144 4.5369 0 0 0 0 1 1 1 1
-1.39197 5.92867 4.94355 -16.9107 -0.742358 6.81514 0 0 0 0 1 1 1 1
-2.5487 -0.276562 -5.87814 2.45867 2.61327 -9.83448 0 0 0 0 1 1 1 1
-1.70159 2.64491 -4.30774 1.41602 -10.453 5.56637 0 0 0 0 1 1 1 1
2.17959 4.74801 -2.44355 4.88462 0.16037 11.5544 0 0 0 0 1 1 1 1
-2.14455 -3.89404 0.29356 -6.80322 0.853462 -5.246 0 0 0 0 1 1 1 1
3.24385 3.94743 -0.0290259 -6.42583 -10.6861 0.355713 0 0 0 0 1 1 1 1
-2.53332 -1.39705 -5.18691 1.71113 7.1691 -2.62484 0 0 0 0 1 1 1 1
-4.81013 -3.42076 -4.72143 2.40057 10.3962 -8.55144 0 0 0 0 1 1 1 1
-3.22157 2.25659 1.0939 0.285024 4.63919 7.965 0 0 0 0 1 1 1 1
1.36502 -2.27308 -1.21397 4.38798 -5.80843 0.80883 0 0 0 0 1 1 1 1
-1.30544 3.353 4.46168 -13.2028 -3.82119 -4.12526 0 0 0 0 1 1 1 1
0.117669 2.50398 1.50308 0.386675 -1.4389 0.13217 0 0 0 0 1 1 1 1
-4.47614 2.36941 1.87848 4.98847 4.49768 -1.96674 0 0 0 0 1 1 1 1
0.523484 -2.77227 4.68208 3.96716 -1.79823 -0.643844 0 0 0 0 1 1 1 1
0.121884 -1.7625 0.805461 0.479373 -7.71154 -5.27503 0 0 0 0 1 1 1 1
3.76014 0.368801 -2.64049 7.63614 -0.138313 3.28328 0 0 0 0 1 1 1 1
-1.14729 -3.42055 0.381188 -3.83664 -2.38674 9.7374 0 0 0 0 1 1 1 1
1.68943 -6.98217 -5.4727 -6.40502 1.21567 6.57139 0 0 0 0 1 1 1 1
-4.49587 -2.24972 -4.58545 3.9011 5.31645 -1.19552 0 0 0 0 1 1 1 1
-4.86841 -4.64954 2.49339 -2.96768 1.80432 6.14657 0 0 0 0 1 1 1 1
-2.44426 4.832 2.67525 -0.639163 -7.29656 4.7863 0 0 0 0 1 1 1 1
-3.40902 5.86669 0.259284 8.19364 0.44312 -1.91512 0 0 0 0 1 1 1 1
2.06492 0.903385 -5.89114 -5.28326 -0.817581 1.50021 0 0 0 0 1 1 1 1
-0.491141 4.63261 2.86115 2.15669 -11.9195 3.09283 0 0 0 0 1 1 1 1
2.08809 0.547812 -1.84553 -2.45821 -3.85805 -4.88799 0 0 0 0 1 1 1 1
1.4863 -0.783118 1.38626 -2.08299 4.86593 -0.991728 0 0 0 0 1 1 1 1
-6.81445 -3.62955 5.57221 1.44738 3.88924 -1.51787 0 0 0 0 1 1 1 1
4.31142 -4.34797 -5.16484 -8.71382 -2.72892 1.21206 0 0 0 0 1 1 1 1
7.73235 3.48549 5.65062 -7.3501 -8.20168 12.0867 0 0 0 0 1 1 1 1
3.57107 -2.78011 -3.42576 -12.6148 6.66186 -2.87237 0 0 0 0 1 1 1 1
-0.295634 2.64533 7.18783 -1.00049 7.90699 8.99729 0 0 0 0 1 1 1 1
-3.29837 3.75209 2.18724 3.50105 -1.69235 -0.994326 0 0 0 0 1 1 1 1
0.099392 -0.367933 5.48061 1.09352 -3.39531 5.2925 0 0 0 0 1 1 1 1
-2.02655 7.05312 1.83108 -9.79836 6.92803 6.36977 0 0 0 0 1 1 1 1
-5.83054 -3.27405 -6.48824 -6.10693 3.97493 0.433736 0 0 0 0 1 1 1 1
-3.22475 -2.01949 2.70178 -7.07549 5.64859 5.60042 0 0 0 0 1 1 1 1
-1.11448 -1.40836 0.692449 0.751715 3.67016 11.3746 0 0 0 0 1 1 1 1
2.77449 -1.60996 -4.45444 -3.06888 0.976602 -0.319649 0 0 0 0 1 1 1 1
-2.73805 -6.49782 1.32272 0.0748663 -11.5289 8.56923 0 0 0 0 1 1 1 1
-4.07238 -3.46839 1.37171 3.57178 -6.36914 -5.16504 0 0 0 0 1 1 1 1
1.44084 -6.27493 -3.82017 -2.39623 -3.68832 -0.277181 0 0 0 0 1 1 1 1
-1.17574 7.15001 -0.903379 -9.2072 -4.97584 -3.21934 0 0 0 0 1 1 1 1
1.49437 -2.25611 -9.00089 7.28349 -7.8652 -3.27821 0 0 0 0 1 1 1 1
5.11367 -2.52616 1.11157 4.02861 4.15411 -8.5587 0 0 0 0 1 1 1 1
3.48322 -0.2529 -0.129696 5.23065 -12.1414 -1.4573 0 0 0 0 1 1 1 1
0.987781 3.30279 0.0196857 3.9565 6.11676 0.82217 0 0 0 0 1 1 1 1
-4.41345 6.17736 -3.93038 -3.92591 10.9882 -0.468012 0 0 0 0 1 1 1 1
2.82471 2.38687 -1.37003 -3.14832 3.02384 6.85234 0 0 0 0 1 1 1 1
3.83328 -0.599313 2.13029 -11.4196 -4.0723 4.04792 0 0 0 0 1 1 1 1
1.36487 1.72799 -2.90942 -14.394 -0.341606 -3.99491 0 0 0 0 1 1 1 1
-4.63839 0.186166 0.556874 2.77599 -8.27662 -1.77101 0 0 0 0 1 1 1 1
-2.47406 -0.51157 -3.74479 1.63544 -2.02247 1.53139 0 0 0 0 1 1 1 1
-8.47551 -1.56763 -0.351311 4.95319 5.1615 -2.15768 0 0 0 0 1 1 1 1
-2.03894 -1.81642 2.90591 2.97386 0.140716 -4.95728 0 0 0 0 1 1 1 1
2.70619 6.32784 -1.71887 3.65771 4.56 -1.49893 0 0 0 0 1 1 1 1
-1.05098 1.06266 -1.36402 -2.77701 4.23781 -0.33399 0 0 0 0 1 1 1 1
1.25855 4.95924 -2.24416 0.0917632 -3.57047 1.31036 0 0 0 0 1 1 1 1
3.32696 0.232418 6.60911 0.777888 -3.06786 7.86684 0 0 0 0 1 1 1 1
6.11192 4.11274 2.28505 4.05789 5.0331 0.572747 0 0 0 0 1 1 1 1
-0.897622 -6.29163 4.19052 0.486122 -0.666146 14.8426 0 0 0 0 1 1 1 1
-3.67484 -2.14781 -1.54541 -3.97462 -7.26664 -1.37379 0 0 0 0 1 1 1 1
-3.33309 -4.45617 0.283454 4.93493 16.7301 -5.23142 0 0 0 0 1 1 1 1
-6.56095 2.96347 -1.29577 -4.25943 -4.50137 5.07846 0 0 0 0 1 1 1 1
-3.23212 5.39728 2.44132 -4.75522 1.15147 -5.11679 0 0 0 0 1 1 1 1
-4.32648 -0.014414 -3.5426 7.35936 0.0720335 -1.04831 0 0 0 0 1 1 1 1
7.07811 -0.0618025 2.76534 -0.0354216 -6.59282 4.99708 0 0 0 0 1 1 1 1
7.4301 -6.58663 -5.6872 4.89646 -1.84687 -11.9619 0 0 0 0 1 1 1 1
1.33672 1.20877 5.05164 -3.54409 2.29177 1.27303 0 0 0 0 1 1 1 1
2.82001 0.213696 3.35867 0.995683 3.89039 4.23721 0 0 0 0 1 1 1 1
-4.39535 4.04053 -5.89384 4.24087 0.757897 -2.28516 0 0 0 0 1 1 1 1
0.92496 -1.23953 -5.78631 -6.42387 -5.02877 14.2852 0 0 0 0 1 1 1 1
4.02955 3.15848 -0.832118 8.92597 4.33218 6.80662 0 0 0 0 1 1 1 1
1.66619 -1.4986 1.90826 -0.129988 -3.66595 -2.15931 0 0 0 0 1 1 1 1
4.35696 -4.67911 -2.47365 -3.41405 -18.7403 -5.51521 0 0 0 0 1 1 1 1
-4.26858 1.97174 0.554097 8.96018 -1.9357 6.89109 0 0 0 0 1 1 1 1
-5.40059 1.15579 1.58147 4.78252 4.77673 -0.680864 0 0 0 0 1 1 1 1
2.93002 -4.99258 4.88019 4.85053 1.41211 -2.64282 0 0 0 0 1 1 1 1
-8.25632 0.555559 2.11272 1.80431 2.88906 -3.89766 0 0 0 0 1 1 1 1
4.61232 0.385773 -0.0194277 2.30169 4.17327 -5.50682 0 0 0 0 1 1 1 1
-3.81815 5.04329 -0.580129 -0.859039 4.07497 -5.18394 0 0 0 0 1 1 1 1
-4.39186 -2.13073 -6.37895 -1.60149 -2.62373 -8.60105 0 0 0 0 1 1 1 1
-2.21427 4.0689 -7.32474 4.23371 4.54809 -2.26499 0 0 0 0 1 1 1 1
0.834686 2.12734 0.641358 -1.27539 -3.50906 2.55195 0 0 0 0 1 1 1 1
-5.38843 -6.19965 -1.0055 -2.48522 -2.70481 6.62271 0 0 0 0 1 1 1 1
2.87236 -1.36807 -3.48404 -6.16782 3.68299 2.13931 0 0 0 0 1 1 1 1
-2.43166 6.1202 2.05501 -8.06783 -3.61985 7.62736 0 0 0 0 1 1 1 1
1.31413 -3.8454 -3.47846 -2.65212 0.0826275 3.11672 0 0 0 0 1 1 1 1
3.84561 2.38254 0.751828 -2.26941 -1.73725 -5.14717 0 0 0 0 1 1 1 1
1.98924 -3.27812 1.01481 3.86695 -2.06995 14.6964 0 0 0 0 1 1 1 1
-5.3317 4.56243 1.51257 2.60984 -0.885362 1.60515 0 0 0 0 1 1 1 1
4.26311 -1.06417 -3.67963 3.29026 -2.77292 9.26513 0 0 0 0 1 1 1 1
-0.663006 -4.47665 0.140958 5.59326 -6.62643 5.86384 0 0 0 0 1 1 1 1
3.65717 -4.59148 -6.18569 -6.28299 7.75655 2.96816 0 0 0 0 1 1 1 1
4.43315 -1.03976 -0.210816 6.68598 -7.89461 4.3536 0 0 0 0 1 1 1 1
2.13011 2.50455 -0.517523 -3.69463 -5.38617 5.61828 0 0 0 0 1 1 1 1
-3.13403 4.63958 5.36885 -0.074485 -1.38628 -9.23831 0 0 0 0 1 1 1 1
1.05512 4.13354 -0.892907 14.4146 2.36845 -10.179 0 0 0 0 1 1 1 1
1.43774 3.93272 4.87403 -1.61215 -1.69052 -3.90899 0 0 0 0 1 1 1 1
-0.510407 -7.71231 -4.10135 2.63328 -2.52138 4.02046 0 0 0 0 1 1 1 1
1.74163 -2.25524 1.15043 1.27006 -13.7945 -7.66475 0 0 0 0 1 1 1 1
-4.83384 0.252644 2.11326 7.70855 -12.5488 2.86726 0 0 0 0 1 1 1 1
5.01169 -7.9999 -2.14755 4.64281 8.9793 -1.90219 0 0 0 0 1 1 1 1
-4.47845 -2.16691 1.03634 -14.115 -1.56372 3.07634 0 0 0 0 1 1 1 1
0.127901 -2.8725 1.41251 3.45797 -2.73053 -4.36446 0 0 0 0 1 1 1 1
1.36099 -3.51172 2.04926 -1.45574 -0.541529 -2.58771 0 0 0 0 1 1 1 1
0.121509 -5.21865 -5.21604 0.978588 1.4665 -1.27266 0 0 0 0 1 1 1 1
-0.253 -1.10667 2.8609 1.26441 11.04 -3.78215 0 0 0 0 1 1 1 1
5.37616 -3.80072 -2.08807 -1.85536 3.21356 -3.76296 0 0 0 0 1 1 1 1
-8.01613 -4.14064 3.64337 -2.67423 -2.79134 0.0834252 0 0 0 0 1 1 1 1
-1.55807 3.87328 2.19006 -3.25596 4.44717 -3.2342 0 0 0 0 1 1 1 1
-1.07631 2.97728 -5.04997 -8.27146 0.842507 9.8191 0 0 0 0 1 1 1 1
1.43479 -0.750631 2.82074 -4.38096 2.84752 1.30409 0 0 0 0 1 1 1 1
-6.42643 -1.60743 0.451993 -1.77999 14.8038 -12.642 0 0 0 0 1 1 1 1
-0.998046 5.42679 -2.64552 4.19914 7.85887 6.41505 0 0 0 0 1 1 1 1
-6.67871 -5.4812 -0.566859 -3.82442 -1.23373 -2.08859 0 0 0 0 1 1 1 1
-3.12058 -4.41198 1.80609 4.53116 2.4577 -1.08398 0 0 0 0 1 1 1 1
-0.331841 1.15898 1.8088 -12.879 3.35269 4.29144 0 0 0 0 1 1 1 1
-5.87049 0.672386 0.66339 5.28836 4.08993 -0.50989 0 0 0 0 1 1 1 1
2.37376 -6.93563 -0.786453 -11.7472 4.80375 9.12813 0 0 0 0 1 1 1 1
-0.713873 2.40608 -6.61132 -11.0692 -0.732477 5.14796 0 0 0 0 1 1 1 1
-3.64028 1.06553 -3.16463 -15.7073 7.96786 -5.83987 0 0 0 0 1 1 1 1
-3.11246 -2.86736 -1.40269 -5.16932 1.36445 5.45648 0 0 0 0 1 1 1 1
-1.87155 6.29391 -0.281166 3.49655 -1.55226 -2.08792 0 0 0 0 1 1 1 1
5.09245 3.26646 2.31387 2.38536 -6.19551 2.23975 0 0 0 0 1 1 1 1
2.12603 -5.3953 0.6612 6.86657 -4.16002 -4.32296 0 0 0 0 1 1 1 1
3.35693 -5.3952 -2.17637 2.8648 -4.37088 11.802 0 0 0 0 1 1 1 1
3.66701 0.00349787 2.84431 -5.13671 1.19617 12.1659 0 0 0 0 1 1 1 1
-7.02611 -6.05182 1.01638 -2.88448 1.63678 3.15325 0 0 0 0 1 1 1 1
-1.86535 3.01372 2.30783 -0.870853 2.39897 -0.593685 0 0 0 0 1 1 1 1
0.600284 -2.19218 -4.46628 7.74609 1.88248 3.09774 0 0 0 0 1 1 1 1
-0.966361 -0.561493 3.84787 -3.15405 13.0286 -1.58619 0 0 0 0 1 1 1 1
5.13394 4.24013 -5.94173 -1.05532 -5.73621 -12.4365 0 0 0 0 1 1 1 1
-4.74081 3.5896 -2.07831 -3.95478 2.10352 -6.62201 0 0 0 0 1 1 1 1
-6.15617 3.61857 1.01512 2.9914 0.863095 -2.57115 0 0 0 0 1 1 1 1
-2.80148 1.36267 4.72072 -3.31967 -7.89987 -0.337377 0 0 0 0 1 1 1 1
-4.79311 4.23483 -3.14639 -4.25779 -3.47163 4.07497 0 0 0 0 1 1 1 1
-3.8979 6.78877 -3.18188 -8.34879 -5.99214 0.485721 0 0 0 0 1 1 1 1
-1.01596 3.13146 2.64013 1.63885 0.0992529 10.2984 0 0 0 0 1 1 1 1
-4.34743 -1.5637 -7.41939 -4.64003 0.242694 -6.03767 0 0 0 0 1 1 1 1
2.82248 -0.374089 2.51855 -7.60201 2.03453 9.40445 0 0 0 0 1 1 1 1
-3.14203 -1.69861 -3.2177 -4.48866 5.69413 -1.68197 0 0 0 0 1 1 1 1
-3.36367 1.86787 0.145269 7.05204 7.38619 7.68977 0 0 0 0 1 1 1 1
-1.30398 -1.87298 -5.85057 2.09556 1.70661 -10.5813 0 0 0 0 1 1 1 1
1.70498 0.533728 2.00734 -4.49695 -9.52791 11.3909 0 0 0 0 1 1 1 1
-8.02632 -5.10192 0.590837 -4.3335 -6.70596 2.58358 0 0 0 0 1 1 1 1
-0.912788 -5.31013 4.12671 4.63203 6.62558 4.68889 0 0 0 0 1 1 1 1
2.69092 -5.87434 -0.288674 -6.63717 -7.68951 1.33072 0 0 0 0 1 1 1 1
-2.94924 6.52964 5.19484 -6.18775 5.4411 3.72127 0 0 0 0 1 1 1 1
-6.58094 -2.09418 1.91222 -9.03703 -2.92483 -5.4349 0 0 0 0 1 1 1 1
-5.36027 -2.53096 -1.99751 -0.157021 8.16014 8.76849 0 0 0 0 1 1 1 1
-2.72054 -5.59804 -5.76521 -4.08551 -3.96338 1.40315 0 0 0 0 1 1 1 1
3.62281 -5.99136 2.60843 -0.583915 1.81031 -1.00713 0 0 0 0 1 1 1 1
-1.9709 -6.06198 -5.18538 1.24794 -4.86845 -0.750439 0 0 0 0 1 1 1 1
3.33907 0.440124 0.338655 1.96869 -0.937155 -8.37308 0 0 0 0 1 1 1 1
-3.98252 -4.14535 1.86246 6.0306 3.18164 -1.20063 0 0 0 0 1 1 1 1
5.84999 2.60219 -1.60391 1.10385 -0.0683846 7.22066 0 0 0 0 1 1 1 1
-2.92025 -2.0176 -6.61788 -4.16449 -7.3113 0.163077 0 0 0 0 1 1 1 1
-2.18987 -4.16791 -4.65357 -15.2064 -11.3678 0.487561 0 0 0 0 1 1 1 1
-1.37693 -2.92722 -0.468747 -2.72124 0.8926 -1.81018 0 0 0 0 1 1 1 1
1.2696 2.03042 -5.23398 -3.97615 0.344385 -4.33236 0 0 0 0 1 1 1 1
4.73682 3.51596 3.475 -2.44876 4.67797 10.7146 0 0 0 0 1 1 1 1
-3.12993 -3.18781 1.80467 11.5862 -4.65138 -3.28973 0 0 0 0 1 1 1 1
0.23601 -1.40444 8.05978 -6.64667 -1.84838 -0.718086 0 0 0 0 1 1 1 1
-4.28377 -1.17267 1.75997 -2.48773 -6.26597 -0.304147 0 0 0 0 1 1 1 1
3.64838 -5.22219 -0.413255 -1.8967 2.20309 6.44582 0 0 0 0 1 1 1 1
5.15336 7.62543 -5.1061 -1.8654 6.932 3.52275 0 0 0 0 1 1 1 1
0.397013 0.462857 0.366179 13.1473 5.45835 10.833 0 0 0 0 1 1 1 1
1.81049 -4.28111 4.61626 -5.67618 -1.81658 5.39715 0 0 0 0 1 1 1 1
-5.65316 -1.42462 0.880242 -5.39797 -2.30378 -0.210252 0 0 0 0 1 1 1 1
4.4324 3.16427 1.75734 -2.83954 -0.0679035 -9.38665 0 0 0 0 1 1 1 1
0.934859 -1.23455 -1.78592 0.268154 -3.60382 -3.97554 0 0 0 0 1 1 1 1
-0.376243 -1.40832 3.64821 4.42818 7.33705 0.85255 0 0 0 0 1 1 1 1
-7.66909 -3.39523 5.0437 1.79315 -4.56591 16.1948 0 0 0 0 1 1 1 1
-0.776546 -5.96685 5.47488 -1.35957 -3.11263 -9.57327 0 0 0 0 1 1 1 1
-1.17671 -4.05396 -5.22042 -0.113517 -6.15835 -2.94754 0 0 0 0 1 1 1 1
1.02309 2.52148 3.95933 -1.55145 -4.18033 -0.907258 0 0 0 0 1 1 1 1
-1.11687 0.766107 3.57503 -6.32713 -2.88498 6.19351 0 0 0 0 1 1 1 1
-4.36345 1.81499 -1.65148 0.597112 -2.99463 -2.10007 0 0 0 0 1 1 1 1
-2.58381 -5.44977 -4.66721 2.33361 -9.75626 -1.61471 0 0 0 0 1 1 1 1
-6.05077 -1.89961 -1.48539 3.17893 -1.55926 -0.872981 0 0 0 0 1 1 1 1
0.110802 2.6802 -1.12668 -0.568032 8.58803 4.62045 0 0 0 0 1 1 1 1
3.01624 2.92419 1.94177 5.34316 9.25088 -3.80805 0 0 0 0 1 1 1 1
3.63555 -6.46173 -2.29997 6.69752 -1.77523 3.25925 0 0 0 0 1 1 1 1
0.597817 -8.43791 -2.76078 1.55679 -6.1531 -1.35506 0 0 0 0 1 1 1 1
3.44747 2.06007 -3.41982 2.67107 -1.99553 1.78463 0 0 0 0 1 1 1 1
-2.49617 -4.69621 -2.40438 1.08246 0.991031 -5.00442 0 0 0 0 1 1 1 1
0.911435 -5.09732 2.50939 -8.36961 -4.00102 -7.0377 0 0 0 0 1 1 1 1
0.839872 -1.55299 2.27083 -4.88023 6.55086 -9.44106 0 0 0 0 1 1 1 1
0.216158 -0.540351 0.552679 -9.92387 3.42828 -6.6465 0 0 0 0 1 1 1 1
-2.24033 1.0921 -5.51414 2.59375 2.45802 -5.78314 0 0 0 0 1 1 1 1
2.70909 -4.10283 -1.83035 0.543984 5.19691 4.28279 0 0 0 0 1 1 1 1
2.31559 5.83798 -4.16968 4.46273 0.187951 -13.4345 0 0 0 0 1 1 1 1
-8.75829 -3.33996 4.39366 -2.56612 -0.562889 9.10962 0 0 0 0 1 1 1 1
-0.321156 1.99228 -3.06009 4.74033 1.11989 -1.71248 0 0 0 0 1 1 1 1
-0.157627 -3.62619 -1.57352 -7.04929 3.90048 2.20078 0 0 0 0 1 1 1 1
-3.99269 -1.67062 -3.65242 -2.80943 -5.60595 1.06753 0 0 0 0 1 1 1 1
-1.17053 1.75758 -3.08221 -4.30034 0.288499 5.6237 0 0 0 0 1 1 1 1
-2.88725 -3.12277 2.60615 0.931525 -3.43114 -9.66336 0 0 0 0 1 1 1 1
2.00336 -3.63776 -4.24894 -4.50257 -0.612696 0.832682 0 0 0 0 1 1 1 1
-5.34318 1.3233 3.01547 -2.31816 4.86505 -5.81939 0 0 0 0 1 1 1 1
1.55653 -3.3502 4.36807 -3.88073 0.0766834 14.9456 0 0 0 0 1 1 1 1
-3.87865 -1.97219 3.47212 0.122109 3.91692 4.58316 0 0 0 0 1 1 1 1
3.84556 2.79401 8.87982 -1.83392 -2.849 -1.47044 0 0 0 0 1 1 1 1
-5.84809 0.669117 -0.664656 -7.91971 8.72792 -0.775248 0 0 0 0 1 1 1 1
3.98154 4.86204 1.56378 7.49555 -0.0562398 -2.07419 0 0 0 0 1 1 1 1
1.14173 -2.30577 -7.61094 0.827821 7.40033 -0.927079 0 0 0 0 1 1 1 1
-0.419937 4.15664 -0.197345 -5.10578 1.87749 -0.454269 0 0 0 0 1 1 1 1
2.37287 4.23814 1.21317 -5.78174 3.5856 9.9345 0 0 0 0 1 1 1 1
1.83875 3.94774 -2.10248 7.97276 11.7299 5.87917 0 0 0 0 1 1 1 1
2.68259 -2.07134 -3.6909 -3.86191 -3.07024 -6.03623 0 0 0 0 1 1 1 1
0.27196 -0.161781 -2.59686 2.52394 -9.34088 3.18221 0 0 0 0 1 1 1 1
-3.86792 -5.26046 3.6469 -5.01722 2.6088 1.26149 0 0 0 0 1 1 1 1
-3.4366 2.01801 4.58417 -4.61177 -5.92294 -4.52484 0 0 0 0 1 1 1 1
-0.218061 -3.30176 -3.33961 -6.60751 1.29273 -1.3219 0 0 0 0 1 1 1 1
1.08908 5.74972 -1.23391 9.19779 -4.41182 5.04893 0 0 0 0 1 1 1 1
0.113756 -1.36716 -5.88238 6.34004 -0.567342 1.17122 0 0 0 0 1 1 1 1
4.09397 1.93228 -4.41548 1.12968 -7.77613 -7.20829 0 0 0 0 1 1 1 1
-2.29615 -3.66765 -7.07179 4.83295 2.50201 0.110138 0 0 0 0 1 1 1 1
-3.99496 1.33081 -0.581662 -15.0044 -5.24107 1.81718 0 0 0 0 1 1 1 1
-3.45884 4.79544 3.17039 10.3493 -1.739 4.12233 0 0 0 0 1 1 1 1
0.16908 -2.45368 -3.64452 -3.68903 -3.42324 -1.27851 0 0 0 0 1 1 1 1
-2.96235 -1.39512 -5.88258 12.4459 5.93324 9.79352 0 0 0 0 1 1 1 1
-4.61095 -1.21095 -3.93964 -3.33109 1.72372 9.79827 0 0 0 0 1 1 1 1
-7.51547 -2.56826 -1.07108 0.802101 -9.91532 -4.29787 0 0 0 0 1 1 1 1
-3.29944 -6.33139 -4.18517 3.77289 0.50691 1.78902 0 0 0 0 1 1 1 1
-1.33596 3.48033 -0.559518 0.0272661 -0.229348 -5.10651 0 0 0 0 1 1 1 1
-6.44458 -3.22379 4.15336 -8.53402 -5.61822 -0.803285 0 0 0 0 1 1 1 1
-5.63448 -4.14917 -7.90283 -0.691998 -2.34279 -2.41355 0 0 0 0 1 1 1 1
-2.34887 0.651643 -0.169491 -7.53733 2.98287 -4.69432 0 0 0 0 1 1 1 1
-3.72567 2.87789 7.70524 -1.81635 -1.09421 4.28919 0 0 0 0 1 1 1 1
2.83676 -1.96555 4.90623 -5.17545 0.317547 3.38051 0 0 0 0 1 1 1 1
0.312726 0.448396 4.97414 6.5422 -11.2969 -4.6557 0 0 0 0 1 1 1 1
2.56215 1.07984 -3.54107 1.93889 3.71309 1.89032 0 0 0 0 1 1 1 1
-1.03833 3.86953 -8.06376 0.795608 1.85105 -4.24143 0 0 0 0 1 1 1 1
4.67899 -2.74014 -6.50188 -7.26583 -4.8554 -4.92933 0 0 0 0 1 1 1 1
-0.400291 0.259133 -5.19527 -0.491231 -1.34974 0.477282 0 0 0 0 1 1 1 1
3.05418 1.41626 2.28519 6.55251 3.22703 -0.78895 0 0 0 0 1 1 1 1
4.47006 -1.62832 4.64871 -4.77654 3.06777 3.75821 0 0 0 0 1 1 1 1
-0.636583 -3.93531 1.81273 -1.72211 -1.84656 -4.96361 0 0 0 0 1 1 1 1
-7.68462 -4.30171 -4.22898 -3.31789 -1.66191 -4.11287 0 0 0 0 1 1 1 1
4.21236 1.70258 7.84663 2.74752 4.08319 -2.01772 0 0 0 0 1 1 1 1
-1.14009 -0.142788 -5.33371 1.43611 5.41186 0.398558 0 0 0 0 1 1 1 1
0.511847 -5.81498 -3.55159 0.34823 8.34851 -4.97466 0 0 0 0 1 1 1 1
-5.80505 1.68083 -5.34687 -1.18639 1.54412 -4.56913 0 0 0 0 1 1 1 1
-5.35712 -2.25968 1.32907 7.84372 -6.28203 3.79553 0 0 0 0 1 1 1 1
1.99379 -4.53062 -2.68958 4.22556 -4.5004 -2.50105 0 0 0 0 1 1 1 1
5.77737 -6.03428 3.62484 2.6718 -9.32983 -5.90754 0 0 0 0 1 1 1 1
5.67576 -1.27681 -4.28724 3.46994 12.1607 -2.33453 0 0 0 0 1 1 1 1
-5.63674 1.16791 6.68356 -5.09254 3.14331 7.7447 0 0 0 0 1 1 1 1
-2.0491 -6.93397 -2.37153 4.92701 1.20817 -0.0583295 0 0 0 0 1 1 1 1
1.57537 1.59599 -4.27263 -3.73307 -0.956226 -0.234962 0 0 0 0 1 1 1 1
-6.16768 -4.71131 -1.36246 0.907505 -3.41534 0.564087 0 0 0 0 1 1 1 1
5.66116 -2.11105 -3.52302 -0.0718314 -2.73038 6.0045 0 0 0 0 1 1 1 1
-2.56601 3.91819 -4.90611 5.5741 1.38038 -0.828488 0 0 0 0 1 1 1 1
6.94379 -5.77179 5.72156 -0.0731538 -4.79852 1.05267 0 0 0 0 1 1 1 1
-2.40168 -0.198561 -0.806235 -0.789117 -4.36844 -6.61454 0 0 0 0 1 1 1 1
3.21812 -1.53451 -2.42946 6.1967 -1.35802 1.8088 0 0 0 0 1 1 1 1
-1.59949 -1.11993 -6.27421 4.61863 -9.6241 0.0692196 0 0 0 0 1 1 1 1
3.64124 3.91259 -5.43383 -2.92932 7.12032 -0.165787 0 0 0 0 1 1 1 1
-6.04326 2.16278 -0.83577 10.0538 3.17073 3.84891 0 0 0 0 1 1 1 1
0.898343 -5.35443 -2.13223 -2.04872 1.42757 9.47382 0 0 0 0 1 1 1 1
-1.18269 -5.47916 2.17363 -1.25895 -5.12716 -1.46686 0 0 0 0 1 1 1 1
-3.39318 4.11248 -1.38039 0.725058 5.97684 5.47874 0 0 0 0 1 1 1 1
-2.51786 -3.07576 -2.28611 -3.80197 -6.06298 0.293202 0 0 0 0 1 1 1 1
1.45487 3.3198 4.49375 -6.72985 -1.08087 0.103834 0 0 0 0 1 1 1 1
-1.49605 5.40033 1.52747 -8.41309 3.58001 7.73342 0 0 0 0 1 1 1 1
-3.81533 -3.44207 -4.82902 0.331205 9.37918 -0.561817 0 0 0 0 1 1 1 1
1.97026 -3.01833 -0.838781 -2.62453 -2.36965 -2.05606 0 0 0 0 1 1 1 1
0.397505 3.3112 1.77921 6.2991 -2.65417 5.60153 0 0 0 0 1 1 1 1
3.16034 2.28934 -5.64321 9.84873 -8.75485 1.25197 0 0 0 0 1 1 1 1
-7.14965 0.23391 -1.23143 4.65516 3.81595 2.75085 0 0 0 0 1 1 1 1
0.581108 1.10595 2.87718 -10.6207 -1.3994 12.3765 0 0 0 0 1 1 1 1
1.55521 -7.11073 3.16531 6.25993 1.33476 5.82616 0 0 0 0 1 1 1 1
-2.34103 2.15771 1.35794 -3.71783 3.80829 -11.5252 0 0 0 0 1 1 1 1
-0.0335782 -6.24539 -5.57906 0.438435 0.274736 -7.97542 0 0 0 0 1 1 1 1
-1.99029 -2.59018 -6.68829 1.27357 3.55039 -9.54017 0 0 0 0 1 1 1 1
-3.73533 1.96357 -3.94236 -8.09198 10.787 6.76662 0 0 0 0 1 1 1 1
-3.25452 -3.55721 -1.97919 9.92798 4.93214 -9.378 0 0 0 0 1 1 1 1
-4.61776 -2.87471 0.106454 -5.81614 7.2447 2.289 0 0 0 0 1 1 1 1
-0.0626982 1.88376 2.46546 0.614384 9.96124 7.33822 0 0 0 0 1 1 1 1
-1.16834 4.50558 -0.390151 8.56676 -3.26227 4.62091 0 0 0 0 1 1 1 1
-0.224274 -6.82623 1.18086 10.0937 3.04378 -3.61855 0 0 0 0 1 1 1 1
2.20979 1.09032 3.10792 1.16499 -5.78935 1.55375 0 0 0 0 1 1 1 1
1.55709 1.2863 0.916676 -2.74278 -0.980719 3.20355 0 0 0 0 1 1 1 1
-3.63848 -2.42875 4.30482 1.97557 13.9808 10.3866 0 0 0 0 1 1 1 1
-1.72654 5.047 5.16293 -5.33558 2.4136 5.73296 0 0 0 0 1 1 1 1
-0.951731 -4.07001 -6.26517 10.7212 0.953249 1.57158 0 0 0 0 1 1 1 1
0.759558 -5.6224 6.92449 -0.339567 11.0988 1.80651 0 0 0 0 1 1 1 1
-0.603953 0.102256 0.0964791 7.22264 5.32407 -13.5771 0 0 0 0 1 1 1 1
-6.76726 0.875499 1.88241 -3.29721 -4.11553 5.77353 0 0 0 0 1 1 1 1
-4.19377 4.84501 -1.24381 -1.38475 6.77097 4.91293 0 0 0 0 1 1 1 1
3.89579 0.953537 -0.0116503 -3.47198 -0.674497 -3.08309 0 0 0 0 1 1 1 1
-4.34193 -3.67832 -2.24446 -1.54003 2.03321 3.80662 0 0 0 0 1 1 1 1
-0.144136 5.0087 -3.62382 -7.93037 1.74785 -10.6944 0 0 0 0 1 1 1 1
-3.75377 0.227636 0.40866 4.54779 -0.553807 4.57647 0 0 0 0 1 1 1 1
-0.184481 -3.61576 -2.48707 -3.84967 -2.39758 -0.14686 0 0 0 0 1 1 1 1
4.42881 2.65457 6.04216 6.15622 -5.06954 3.21797 0 0 0 0 1 1 1 1
-0.561696 1.19555 -5.15005 -0.91757 -6.956 -7.18376 0 0 0 0 1 1 1 1
-0.056104 1.31921 3.99007 2.29795 5.646 -8.00989 0 0 0 0 1 1 1 1
4.70287 -4.29086 1.90205 1.31587 -5.52586 -3.29415 0 0 0 0 1 1 1 1
1.34208 -4.11234 -0.979418 -3.87516 6.85619 -1.69428 0 0 0 0 1 1 1 1
5.45689 -2.48078 2.61873 -6.06029 6.22305 -9.37288 0 0 0 0 1 1 1 1
-4.7157 4.48659 -1.85197 4.15579 -2.23418 -2.61384 0 0 0 0 1 1 1 1
-2.01649 -1.91135 -3.86524 0.231584 -4.29504 -3.71583 0 0 0 0 1 1 1 1
4.58793 0.228222 -2.65734 0.880913 1.86276 5.59827 0 0 0 0 1 1 1 1
-6.63366 5.13763 -0.157252 -4.81293 -2.39601 1.05917 0 0 0 0 1 1 1 1
4.3871 2.32307 0.00262151 -3.34917 -11.9707 -1.97743 0 0 0 0 1 1 1 1
-2.47748 -5.15802 1.05401 3.73239 1.38792 3.92728 0 0 0 0 1 1 1 1
-0.942173 1.77044 -1.74378 -3.88839 4.60663 0.291414 0 0 0 0 1 1 1 1
2.60308 -1.62564 1.76435 2.17339 -3.00277 -0.922304 0 0 0 0 1 1 1 1
2.15992 0.204128 4.01369 -1.3515 -4.26842 9.92469 0 0 0 0 1 1 1 1
-5.42217 -1.63681 -2.31928 -9.98004 1.17214 -13.7961 0 0 0 0 1 1 1 1
-4.17325 -1.35582 -1.96556 7.4635 -8.67971 1.12667 0 0 0 0 1 1 1 1
-7.71477 -4.6229 -1.45315 1.07477 1.03123 0.43549 0 0 0 0 1 1 1 1
-4.75514 -6.93501 3.53472 -10.4043 -8.5641 -4.61202 0 0 0 0 1 1 1 1
-1.73543 -7.35434 -1.79213 -2.33145 -1.8611 14.7947 0 0 0 0 1 1 1 1
3.77606 -7.39982 1.04043 -11.0194 -1.45626 -3.87785 0 0 0 0 1 1 1 1
-5.25902 3.9149 -4.1947 1.05273 3.3476 -0.264301 0 0 0 0 1 1 1 1
5.97571 3.09559 1.56981 -11.3797 -10.8997 -5.50772 0 0 0 0 1 1 1 1
-0.818941 3.23648 -2.27159 -3.78293 -7.00963 -6.12319 0 0 0 0 1 1 1 1
-1.84736 -2.92392 -1.24286 -7.96969 1.24585 1.2877 0 0 0 0 1 1 1 1
0.0474698 5.83873 -0.64482 -6.31435 0.678904 -0.842322 0 0 0 0 1 1 1 1
2.98098 -2.84378 1.24244 6.56805 4.12781 3.02242 0 0 0 0 1 1 1 1
0.494595 -4.69426 3.06766 -7.09812 -6.60507 -2.79559 0 0 0 0 1 1 1 1
-3.43673 8.71263 -5.52096 -10.5476 2.00783 -2.9139 0 0 0 0 1 1 1 1
-5.35011 -4.04398 -5.48039 1.14837 -4.98253 -6.2503 0 0 0 0 1 1 1 1
0.347615 4.18343 5.35833 -9.92981 -3.1079 -6.08939 0 0 0 0 1 1 1 1
5.89153 1.28405 5.00521 7.36296 3.92372 -2.0606 0 0 0 0 1 1 1 1
-0.974329 3.7347 -3.18861 -5.81967 3.42752 0.00092429 0 0 0 0 1 1 1 1
-6.93475 -1.0866 -1.52067 -0.193149 -6.21347 9.86277 0 0 0 0 1 1 1 1
-2.64959 1.51664 -2.83618 5.66808 -2.80317 -8.95372 0 0 0 0 1 1 1 1
-4.74704 -2.99923 -3.87521 -6.80042 0.765073 -5.47065 0 0 0 0 1 1 1 1
2.01525 6.10732 3.63672 1.44105 -9.31624 9.82777 0 0 0 0 1 1 1 1
4.81759 -4.31856 -4.1324 -4.63291 -6.96437 13.3407 0 0 0 0 1 1 1 1
0.214116 -0.685201 2.14435 -3.96549 5.80177 3.52468 0 0 0 0 1 1 1 1
-4.13001 -5.6905 -4.46502 13.4098 5.5413 4.52094 0 0 0 0 1 1 1 1
6.27995 1.76981 0.846365 4.92848 7.05449 10.7416 0 0 0 0 1 1 1 1
-1.21749 -0.173165 -0.375543 -7.1635 7.98664 -5.17508 0 0 0 0 1 1 1 1
-0.5254 -3.65829 -0.437056 1.95997 0.256554 12.2754 0 0 0 0 1 1 1 1
4.7591 3.04849 4.44145 1.24864 -7.43922 0.255856 0 0 0 0 1 1 1 1
4.36364 -2.39463 6.11186 11.7657 2.51426 -11.3519 0 0 0 0 1 1 1 1
-1.44768 -4.17661 -8.03879 2.57851 -0.609696 -0.395748 0 0 0 0 1 1 1 1
-7.13177 0.284327 3.85106 -4.47951 -4.51382 5.03578 0 0 0 0 1 1 1 1
1.19122 -5.65655 0.574365 -2.44171 2.61906 -3.56126 0 0 0 0 1 1 1 1
-2.06716 -0.354518 -2.40557 -0.243126 -1.23218 -3.10324 0 0 0 0 1 1 1 1
-4.72329 1.60665 -2.40175 -3.86667 7.99972 1.86825 0 0 0 0 1 1 1 1
-1.55794 -4.31077 -3.94639 -0.103792 14.9887 -2.15427 0 0 0 0 1 1 1 1
0.513455 2.6466 -4.78665 -5.42205 8.35993 -6.81542 0 0 0 0 1 1 1 1
-5.79353 -3.65946 -4.39839 -0.189631 4.78713 1.40105 0 0 0 0 1 1 1 1
-2.6826 2.64804 0.259578 2.90344 4.33496 -2.77345 0 0 0 0 1 1 1 1
-0.952824 -1.58095 -2.51591 -0.188661 2.37547 2.46857 0 0 0 0 1 1 1 1
2.40597 0.213462 -5.0837 0.416848 1.86546 -4.50613 0 0 0 0 1 1 1 1
-6.03264 -0.145448 7.38424 5.67261 -2.76564 -3.46557 0 0 0 0 1 1 1 1
-2.81549 2.89845 5.67787 8.07649 -6.54632 2.91931 0 0 0 0 1 1 1 1
-4.40975 2.43541 2.84302 -3.70675 9.22745 -5.24168 0 0 0 0 1 1 1 1
4.80363 -1.6659 -4.31606 -2.87378 -8.47097 2.09017 0 0 0 0 1 1 1 1
1.10593 -4.62104 -4.47273 1.41853 6.5709 -0.226008 0 0 0 0 1 1 1 1
3.18531 -0.136899 -3.50731 4.36304 2.31181 -1.20169 0 0 0 0 1 1 1 1
-5.77131 2.70979 -7.79975 -6.88278 -3.79943 2.72616 0 0 0 0 1 1 1 1
-6.8105 -4.79883 -6.07994 -1.96046 2.04316 -2.65185 0 0 0 0 1 1 1 1
5.47674 1.11304 -3.93255 -2.35612 -2.46394 0.684853 0 0 0 0 1 1 1 1
2.95283 2.04841 1.13477 -0.402996 -5.17461 7.12472 0 0 0 0 1 1 1 1
-8.28672 -3.91925 8.22665 2.65637 -2.77803 5.42358 0 0 0 0 1 1 1 1
3.34636 -2.2546 -0.0858773 0.8429 1.56867 -4.01697 0 0 0 0 1 1 1 1
6.29917 6.4492 -1.53252 -5.95403 0.217204 -12.7914 0 0 0 0 1 1 1 1
-3.5773 5.46185 -3.4835 -10.1159 10.2307 0.464258 0 0 0 0 1 1 1 1
-1.46831 6.34944 -3.4455 4.25342 0.874568 7.24849 0 0 0 0 1 1 1 1
-8.0468 6.55075 1.85824 -9.0345 3.7138 4.99159 0 0 0 0 1 1 1 1
5.14518 3.80388 6.37258 5.52401 6.58952 10.7276 0 0 0 0 1 1 1 1
-4.76998 0.611446 -0.704343 4.32569 -2.24689 -0.30969 0 0 0 0 1 1 1 1
-0.71923 -3.11487 -4.11619 3.3543 -9.55191 12.9778 0 0 0 0 1 1 1 1
0.0955292 2.20974 0.212563 0.53471 -5.27431 -1.11889 0 0 0 0 1 1 1 1
1.46745 0.278284 6.10781 3.14954 -3.08095 1.58699 0 0 0 0 1 1 1 1
-1.23384 0.82544 -3.59984 0.198984 -2.65594 -9.13533 0 0 0 0 1 1 1 1
-6.78521 -8.24027 0.606678 -5.76626 -6.18904 -6.01801 0 0 0 0 1 1 1 1
2.13761 4.46203 0.331553 1.84973 3.8989 8.76829 0 0 0 0 1 1 1 1
6.4239 -3.83332 2.55242 7.05629 5.07192 12.8368 0 0 0 0 1 1 1 1
-0.423947 -6.34048 0.27097 5.33049 -5.81045 1.31437 0 0 0 0 1 1 1 1
-5.73542 0.445433 2.94882 -3.35996 -4.71107 -5.58568 0 0 0 0 1 1 1 1
0.334123 3.92078 6.84158 3.58995 1.90535 -0.651014 0 0 0 0 1 1 1 1
-4.32321 4.84817 7.55193 -4.11937 -1.0953 3.9696 0 0 0 0 1 1 1 1
-2.36063 -3.58479 -2.99146 -7.37604 -1.92213 -3.1596 0 0 0 0 1 1 1 1
-3.20096 1.53544 3.52602 -2.24357 -0.0683392 3.30963 0 0 0 0 1 1 1 1
2.75262 4.36622 4.94682 -0.993032 2.19951 -9.48205 0 0 0 0 1 1 1 1
-1.41723 -4.38486 2.45258 4.8099 -0.819235 0.793817 0 0 0 0 1 1 1 1
-5.5651 -1.10774 3.40127 -3.17784 -1.68222 6.49878 0 0 0 0 1 1 1 1
-0.65747 5.94562 2.86287 0.528716 8.37978 -7.30948 0 0 0 0 1 1 1 1
-5.03945 -3.94158 -1.87682 5.83536 -4.44713 -5.9297 0 0 0 0 1 1 1 1
-0.472358 -3.24088 0.785905 2.22145 3.13072 0.391513 0 0 0 0 1 1 1 1
-4.8365 -1.14195 -0.0548961 1.40663 -13.3595 0.982612 0 0 0 0 1 1 1 1
2.61417 -8.04199 -2.63123 2.38935 0.131717 -3.20653 0 0 0 0 1 1 1 1
-3.80275 1.04556 4.59876 -1.96501 6.19356 -2.8489 0 0 0 0 1 1 1 1
-0.0349083 -3.40465 2.10903 -6.98404 -8.36003 3.66812 0 0 0 0 1 1 1 1
0.994411 2.5502 2.45962 1.15089 1.22181 7.29761 0 0 0 0 1 1 1 1
-3.16338 -0.404834 0.837287 -4.04903 3.92538 -6.56045 0 0 0 0 1 1 1 1
-2.36036 0.453614 -4.14914 -3.25723 -2.44528 -1.02253 0 0 0 0 1 1 1 1
3.47425 6.13469 -4.12732 -8.68276 -2.64928 -1.69632 0 0 0 0 1 1 1 1
4.98388 -2.30579 -0.534094 9.54697 5.88893 -5.17373 0 0 0 0 1 1 1 1
2.77609 -2.10584 -1.15406 9.52386 -5.89347 -1.34102 0 0 0 0 1 1 1 1
-2.57674 4.27069 0.60683 -11.2889 0.915324 0.216136 0 0 0 0 1 1 1 1
1.17688 -4.55622 1.70688 7.39526 9.07326 -3.25328 0 0 0 0 1 1 1 1
-3.45674 3.23194 3.92656 -3.86156 -2.35597 -0.369511 0 0 0 0 1 1 1 1
-3.31438 -3.29825 5.08793 -3.02385 -4.47836 1.37851 0 0 0 0 1 1 1 1
-1.4997 -6.62061 -1.34266 3.74136 -0.626352 11.9774 0 0 0 0 1 1 1 1
7.19465 2.27401 -1.03248 -0.624447 2.49615 -4.20034 0 0 0 0 1 1 1 1
1.94396 2.54074 2.73993 -5.94985 -5.46338 1.79571 0 0 0 0 1 1 1 1
-3.19725 -7.1724 4.21007 -6.44224 -2.60901 -0.471005 0 0 0 0 1 1 1 1
-0.811046 -0.733524 0.261984 4.51542 4.86279 13.6376 0 0 0 0 1 1 1 1
-1.0574 1.69589 2.55872 1.09063 -1.07919 -1.34615 0 0 0 0 1 1 1 1
-4.68417 2.64098 -2.71099 1.57327 -2.26462 -6.84526 0 0 0 0 1 1 1 1
-6.72392 -3.09688 2.14376 -6.67613 0.909711 -1.61807 0 0 0 0 1 1 1 1
1.85812 -4.94985 7.64618 0.777484 -0.456067 1.10985 0 0 0 0 1 1 1 1
-5.0323 -2.04878 -0.91797 2.40432 3.61701 6.60729 0 0 0 0 1 1 1 1
1.61432 -6.30156 -0.0419237 -0.901495 3.85702 -8.17113 0 0 0 0 1 1 1 1
1.7857 -0.933327 -4.50394 7.25675 -6.54602 -3.9945 0 0 0 0 1 1 1 1
-6.19513 0.608229 4.08779 -4.85795 -3.64449 6.53796 0 0 0 0 1 1 1 1
-3.10891 0.458738 2.6575 -6.78541 2.18553 1.65271 0 0 0 0 1 1 1 1
-5.7497 -3.76706 2.13185 -5.16575 -0.98098 -0.114293 0 0 0 0 1 1 1 1
4.07143 0.68135 5.57975 -0.558681 2.23156 6.35464 0 0 0 0 1 1 1 1
2.20654 1.52527 1.38512 8.59647 -6.48491 2.36678 0 0 0 0 1 1 1 1
4.23736 2.30538 4.5809 -6.23999 -3.66575 -5.41903 0 0 0 0 1 1 1 1
-0.637235 -6.55977 2.01589 -1.22788 -5.10268 -0.104836 0 0 0 0 1 1 1 1
1.67789 2.28657 0.426547 -2.63652 1.39359 2.84313 0 0 0 0 1 1 1 1
-0.690984 -3.41326 -6.87958 -10.8463 -2.5718 -3.9246 0 0 0 0 1 1 1 1
-2.82434 -3.23924 3.68379 -5.81956 7.7671 9.74153 0 0 0 0 1 1 1 1
-4.95637 -3.62476 3.55274 -13.4593 -0.428363 6.90136 0 0 0 0 1 1 1 1
-5.3186 -0.358583 -1.02076 5.18431 -4.12851 8.38112 0 0 0 0 1 1 1 1
-3.77704 -3.01404 -2.60183 -9.42163 2.02326 -0.0355238 0 0 0 0 1 1 1 1
-2.80678 -4.09187 -1.43228 -2.35904 -0.660415 -14.8068 0 0 0 0 1 1 1 1
3.49922 4.8878 -3.81993 -2.3771 5.3442 -10.2739 0 0 0 0 1 1 1 1
-0.583738 -1.88321 -5.17217 7.79632 -4.5696 -6.58868 0 0 0 0 1 1 1 1
-4.1661 4.89551 -2.82094 2.28565 -4.84075 -7.38917 0 0 0 0 1 1 1 1
-6.42071 -7.33329 2.15487 3.66426 3.37948 -4.30661 0 0 0 0 1 1 1 1
-3.92864 3.88996 3.15607 -6.94098 -3.34119 -1.42859 0 0 0 0 1 1 1 1
0.272325 -7.9616 0.459823 2.00027 -9.45648 -3.56109 0 0 0 0 1 1 1 1
-1.79507 3.15953 -3.47216 1.50617 -4.29033 0.688798 0 0 0 0 1 1 1 1
-3.80497 -0.583432 -0.245597 0.319059 -9.74113 7.29954 0 0 0 0 1 1 1 1
3.78732 -3.74997 1.88669 8.94987 2.35076 0.966907 0 0 0 0 1 1 1 1
-1.7801 -2.86466 0.848976 8.96359 -0.844041 -0.0446496 0 0 0 0 1 1 1 1
-3.2845 0.216443 -1.40246 -5.46115 3.1396 7.61781 0 0 0 0 1 1 1 1
1.08361 2.99634 -0.97419 2.57664 0.25325 0.352575 0 0 0 0 1 1 1 1
-6.34242 2.29385 3.93732 3.58053 11.6459 -5.0929 0 0 0 0 1 1 1 1
0.877786 4.5145 0.0521307 -3.55269 -1.8384 -6.66248 0 0 0 0 1 1 1 1
5.38941 -1.25429 5.40226 -4.12944 -4.31825 -1.83649 0 0 0 0 1 1 1 1
-5.62531 4.61783 -1.7837 -5.70792 -1.08659 3.90789 0 0 0 0 1 1 1 1
2.53665 -5.02337 -0.243624 1.84226 -0.575131 4.78215 0 0 0 0 1 1 1 1
-7.68477 -1.38087 3.82357 1.17862 8.06931 0.0527843 0 0 0 0 1 1 1 1
2.60203 0.0824476 -4.1251 -0.262573 -6.54531 -5.15802 0 0 0 0 1 1 1 1
2.73894 4.27872 -7.32687 4.16739 1.61431 2.48664 0 0 0 0 1 1 1 1
-2.88986 -3.28524 -3.99489 -0.829014 3.06062 -14.3878 0 0 0 0 1 1 1 1
1.06378 3.16879 3.14997 5.02411 -7.22118 -1.54594 0 0 0 0 1 1 1 1
-4.45617 6.15057 5.08648 -4.08091 11.8592 2.5505 0 0 0 0 1 1 1 1
0.464223 1.22511 -1.04792 -6.45914 9.13361 -7.52551 0 0 0 0 1 1 1 1
-4.64854 -4.76046 3.5768 -6.2989 -7.0853 -0.853722 0 0 0 0 1 1 1 1
3.72209 -3.32169 -4.62197 3.61142 -4.87446 -3.50112 0 0 0 0 1 1 1 1
-2.58644 -4.60868 -3.75789 3.30991 1.30044 -1.14835 0 0 0 0 1 1 1 1
5.70573 -7.93668 -7.14166 -1.75125 6.55733 -5.29991 0 0 0 0 1 1 1 1
5.42494 -2.59689 -4.93985 -2.505 -4.08889 -7.70057 0 0 0 0 1 1 1 1
1.00189 1.66455 1.61758 -10.3416 -5.42317 4.5059 0 0 0 0 1 1 1 1
-6.39793 -3.78273 0.911344 -2.95352 7.08835 -1.38209 0 0 0 0 1 1 1 1
-0.917831 -5.51538 -0.741246 -2.01134 -3.44294 0.411536 0 0 0 0 1 1 1 1
0.38831 0.475308 6.81875 0.441466 -10.1704 -0.426513 0 0 0 0 1 1 1 1
-3.023 -8.14095 -3.05959 5.86588 -8.42795 2.21707 0 0 0 0 1 1 1 1
6.33428 -2.97629 1.20256 5.03594 -0.720985 5.36203 0 0 0 0 1 1 1 1
0.669376 3.15102 -3.84861 -3.03738 -1.3255 -3.88863 0 0 0 0 1 1 1 1
0.609241 -3.31098 -1.81116 3.95004 -0.657889 -1.47509 0 0 0 0 1 1 1 1
-0.0904149 -2.8193 9.94155 2.46713 4.32694 4.05875 0 0 0 0 1 1 1 1
4.81822 0.244428 -6.44009 -5.51659 6.85588 0.208073 0 0 0 0 1 1 1 1
-5.13388 2.75635 -6.44808 -9.54644 3.0639 -2.24551 0 0 0 0 1 1 1 1
-4.87106 0.698022 5.94337 6.01009 -0.457467 -1.1375 0 0 0 0 1 1 1 1
0.969504 -0.292607 -1.8626 -0.24103 5.39286 1.26441 0 0 0 0 1 1 1 1
3.62707 -1.64598 1.2485 -0.879344 1.37906 -7.8223 0 0 0 0 1 1 1 1
-0.498074 -6.0111 -1.97169 -12.8205 3.54661 -7.2068 0 0 0 0 1 1 1 1
-4.19209 2.60898 -4.72662 4.08786 2.38312 -5.06597 0 0 0 0 1 1 1 1
-1.11111 2.4552 0.891885 1.78833 1.60983 3.62896 0 0 0 0 1 1 1 1
3.08288 -3.53141 -0.293414 -3.89754 1.57772 -12.5795 0 0 0 0 1 1 1 1
2.97408 -5.87187 -2.90311 3.56965 0.713736 3.39527 0 0 0 0 1 1 1 1
-2.31127 -3.09107 2.03335 -0.0796401 3.38591 -1.91695 0 0 0 0 1 1 1 1
-3.66866 3.02873 -1.43685 -2.21131 -1.73999 0.883682 0 0 0 0 1 1 1 1
-5.15481 -2.08348 2.49859 3.03648 0.680771 2.15604 0 0 0 0 1 1 1 1
-1.62523 -1.07255 -2.92521 1.20651 -4.28412 -5.80367 0 0 0 0 1 1 1 1
-2.67267 -1.99559 -1.12744 -3.87789 -3.96257 1.02699 0 0 0 0 1 1 1 1
-2.80016 -1.04131 -0.672022 7.94483 -0.0949936 1.40074 0 0 0 0 1 1 1 1
-3.57852 0.131376 4.26824 1.24189 -2.77843 -3.21953 0 0 0 0 1 1 1 1
-7.50804 3.00388 7.41662 2.06045 1.17588 7.35833 0 0 0 0 1 1 1 1
2.36101 1.65179 4.51737 8.67956 6.20315 6.32686 0 0 0 0 1 1 1 1
-6.75658 2.10197 5.37223 -5.58767 3.76407 -4.81915 0 0 0 0 1 1 1 1
1.1315 4.21213 -2.81123 7.16312 3.88763 -7.694 0 0 0 0 1 1 1 1
3.97016 1.46338 3.90834 3.56773 0.838112 -12.1299 0 0 0 0 1 1 1 1
-0.255127 -3.55845 -5.60254 -3.22367 2.88966 2.6963 0 0 0 0 1 1 1 1
-5.43083 -5.42257 -3.32787 -2.60602 0.548819 9.0971 0 0 0 0 1 1 1 1
-6.9459 -2.39759 2.91506 0.586633 -11.0901 4.40211 0 0 0 0 1 1 1 1
-6.75003 -3.70006 -1.82841 10.7823 -1.79478 3.7741 0 0 0 0 1 1 1 1
-3.88076 -2.98366 -4.0845 0.61856 0.246162 -5.20659 0 0 0 0 1 1 1 1
0.894989 -1.09942 -3.49913 -1.21905 -3.16484 -1.65955 0 0 0 0 1 1 1 1
7.81164 6.73467 -4.37507 1.54192 1.14071 -2.51722 0 0 0 0 1 1 1 1
3.10045 0.986469 5.56179 -4.59169 -2.80234 -2.74428 0 0 0 0 1 1 1 1
-4.63441 6.09474 -0.897042 0.998982 2.99937 -0.554613 0 0 0 0 1 1 1 1
3.54738 -2.44615 -1.99401 0.196015 2.01578 6.94899 0 0 0 0 1 1 1 1
1.14287 -4.58353 0.704471 0.276813 -0.721112 3.06073 0 0 0 0 1 1 1 1
1.13593 4.29094 -4.65056 1.85176 0.708978 10.4344 0 0 0 0 1 1 1 1
6.04944 -4.02509 0.914617 -3.77187 3.26469 1.7257 0 0 0 0 1 1 1 1
0.823988 -5.78917 4.07638 5.72714 -3.9963 -10.6877 0 0 0 0 1 1 1 1
-4.264 -4.26163 4.32866 -2.90955 0.767582 -0.162644 0 0 0 0 1 1 1 1
2.13032 -4.5223 0.891563 2.87323 1.55601 -0.997078 0 0 0 0 1 1 1 1
5.53216 -0.954062 -0.612031 -1.09097 2.98821 -0.714787 0 0 0 0 1 1 1 1
-1.66378 -2.7433 -5.36432 -2.39926 -10.1456 6.81136 0 0 0 0 1 1 1 1
-7.48438 1.00754 6.8892 -9.06105 -11.3858 0.422226 0 0 0 0 1 1 1 1
3.58628 -0.577106 -5.52207 2.04859 10.9631 -4.02479 0 0 0 0 1 1 1 1
-7.00281 4.77714 -1.43455 -9.86971 -2.18243 -4.58827 0 0 0 0 1 1 1 1
-7.21223 -6.68966 -3.29796 -6.88267 1.15378 -0.31809 0 0 0 0 1 1 1 1
5.07895 0.423643 6.71413 3.8717 8.0068 9.60512 0 0 0 0 1 1 1 1
6.0519 -5.62775 -0.0116844 7.54109 -6.45023 -1.5794 0 0 0 0 1 1 1 1
3.72651 6.02111 -3.24921 -3.04877 -6.64435 3.55017 0 0 0 0 1 1 1 1
-1.09709 -4.15844 0.978061 -8.81315 7.25419 0.223395 0 0 0 0 1 1 1 1
-1.16715 0.890156 -6.07984 -7.55365 1.35365 -3.92702 0 0 0 0 1 1 1 1
-1.99989 2.35649 -2.26008 -10.163 -5.30907 -9.36734 0 0 0 0 1 1 1 1
5.84268 -3.94233 -1.18392 -2.7458 17.5725 6.77295 0 0 0 0 1 1 1 1
-3.29236 -5.60162 -1.18056 1.04992 2.7045 -3.34062 0 0 0 0 1 1 1 1
-0.898718 2.80016 -1.07268 2.79359 6.93338 -9.10792 0 0 0 0 1 1 1 1
-4.53066 5.31682 0.0947999 -4.1989 2.02794 -1.15557 0 0 0 0 1 1 1 1
0.433639 -1.0033 1.43049 -3.72799 -9.39505 -4.29188 0 0 0 0 1 1 1 1
-4.72921 0.218104 -2.5779 -0.840801 -4.10679 6.91631 0 0 0 0 1 1 1 1
-0.588645 -2.13023 1.3245 -4.99428 6.54289 12.2334 0 0 0 0 1 1 1 1
5.10072 -5.10156 4.02213 2.1311 -5.04984 1.67126 0 0 0 0 1 1 1 1
2.25709 3.21377 -1.56052 -5.82099 -6.55741 4.51227 0 0 0 0 1 1 1 1
0.423432 -3.91692 0.670055 -3.31262 -0.977723 1.24185 0 0 0 0 1 1 1 1
-5.58453 -7.94534 -8.43615 10.33 3.62838 -1.79317 0 0 0 0 1 1 1 1
-3.49191 -1.28542 0.444275 -0.447525 1.22582 3.14162 0 0 0 0 1 1 1 1
1.44103 2.83008 -4.91628 -9.07446 3.1545 -1.58127 0 0 0 0 1 1 1 1
-3.11663 2.63279 6.5302 -11.225 -6.31436 5.90372 0 0 0 0 1 1 1 1
-0.355409 -4.91161 7.3644 3.30351 -2.52331 -2.20747 0 0 0 0 1 1 1 1
-3.47142 1.22013 2.13669 -8.04683 -12.3975 -3.06099 0 0 0 0 1 1 1 1
-6.49563 -2.16132 3.56706 3.27249 -1.7216 -0.99485 0 0 0 0 1 1 1 1
-1.98946 -4.6607 4.08806 1.41956 3.86047 6.60831 0 0 0 0 1 1 1 1
-0.342294 -4.97444 -3.00133 -5.43529 -3.73515 -1.11351 0 0 0 0 1 1 1 1
1.81451 5.74996 -2.01894 -5.19311 -1.09797 -12.0127 0 0 0 0 1 1 1 1
0.255744 1.20765 -3.99603 -0.858437 -0.269429 1.12351 0 0 0 0 1 1 1 1
-3.79349 0.404423 -2.70003 2.00485 7.50653 -6.28113 0 0 0 0 1 1 1 1
-5.42497 4.92797 -2.89492 -1.23891 3.4635 -2.0003 0 0 0 0 1 1 1 1
1.04724 3.72334 -1.78139 6.77887 2.88148 -0.324439 0 0 0 0 1 1 1 1
-1.19658 1.63085 -0.0876801 -5.85343 6.85084 0.468776 0 0 0 0 1 1 1 1
-2.83251 -4.96585 -0.520232 -0.36373 0.199097 5.67753 0 0 0 0 1 1 1 1
6.89502 4.06401 0.52856 5.92953 -6.23351 0.471828 0 0 0 0 1 1 1 1
3.42088 1.25194 7.56074 -10.7049 -3.87377 13.9999 0 0 0 0 1 1 1 1
-5.9649 4.54045 0.877832 2.71629 -3.36507 0.807147 0 0 0 0 1 1 1 1
-0.161791 -7.50907 -5.34352 -0.272505 -8.32595 -3.76483 0 0 0 0 1 1 1 1
-2.83582 2.53261 -6.40749 -3.03717 8.70012 -5.55151 0 0 0 0 1 1 1 1
0.976707 0.387231 3.20612 -0.454243 -5.58844 6.76465 0 0 0 0 1 1 1 1
-7.26185 1.22007 -0.931865 -5.85866 0.0505269 3.03008 0 0 0 0 1 1 1 1
0.0490259 -3.82607 4.90512 -0.0232864 7.45726 0.623079 0 0 0 0 1 1 1 1
4.73033 -3.01147 -1.31443 -5.76503 -5.2454 -5.91066 0 0 0 0 1 1 1 1
0.305755 -3.00001 6.44416 -6.45009 -4.72607 -0.539036 0 0 0 0 1 1 1 1
1.453 -5.48535 -3.04174 -2.48462 -2.76875 6.4686 0 0 0 0 1 1 1 1
4.73077 1.18505 -2.89266 3.60175 2.87757 1.88405 0 0 0 0 1 1 1 1
-3.68654 3.63008 -2.18284 4.27889 6.78725 -5.79586 0 0 0 0 1 1 1 1
1.40311 -0.195711 5.00433 0.447932 5.44857 -1.00445 0 0 0 0 1 1 1 1
-0.802023 -1.28056 -1.51196 -5.37906 1.5254 1.96034 0 0 0 0 1 1 1 1
-2.14226 3.09998 -0.586637 8.53245 2.42945 -2.9993 0 0 0 0 1 1 1 1
-4.42667 3.7485 -4.38861 -1.39885 2.40651 -11.319 0 0 0 0 1 1 1 1
2.59385 -1.92304 0.833727 8.23946 -2.90117 -1.32492 0 0 0 0 1 1 1 1
2.89059 7.21608 -5.35808 0.89917 1.84216 -8.28464 0 0 0 0 1 1 1 1
-0.240915 -6.77591 -4.56084 -2.46983 -1.38716 -1.67105 0 0 0 0 1 1 1 1
-4.60634 0.932958 1.1141 3.32464 5.31311 1.08194 0 0 0 0 1 1 1 1
-1.70607 -1.68813 3.81646 -4.23889 -6.92828 1.04752 0 0 0 0 1 1 1 1
-6.73133 8.90895 -4.00024 10.3207 -2.91176 1.33562 0 0 0 0 1 1 1 1
-0.255232 2.23086 -1.98432 1.89287 -3.04257 0.623808 0 0 0 0 1 1 1 1
0.65971 5.04709 3.13338 -8.06267 -4.12864 9.90903 0 0 0 0 1 1 1 1
2.00811 -4.63944 2.05489 8.38036 2.30587 -2.43695 0 0 0 0 1 1 1 1
-1.63925 6.27102 6.1773 0.734663 -3.11057 2.40193 0 0 0 0 1 1 1 1
3.43394 3.07777 -1.80089 -2.8808 5.069 6.54031 0 0 0 0 1 1 1 1
3.08295 0.173768 -0.894478 1.5778 2.87983 9.54999 0 0 0 0 1 1 1 1
1.02285 -3.98683 2.76482 3.58078 1.68643 5.54039 0 0 0 0 1 1 1 1
0.183649 5.1771 -9.37618 4.30709 -0.919886 4.85345 0 0 0 0 1 1 1 1
4.11839 -5.05043 1.07047 -5.73999 -5.24779 -0.690072 0 0 0 0 1 1 1 1
-6.76203 -3.79414 2.74811 -6.50564 -5.38199 -3.43646 0 0 0 0 1 1 1 1
-1.88683 1.4871 0.365913 6.20814 1.4931 -0.594255 0 0 0 0 1 1 1 1
1.52074 -2.39965 8.44665 -3.11311 -0.0441238 0.104968 0 0 0 0 1 1 1 1
-4.99788 4.21862 -0.901138 3.69542 4.02558 3.84915 0 0 0 0 1 1 1 1
-3.64578 2.30874 -2.05116 -10.2293 -5.42375 7.77631 0 0 0 0 1 1 1 1
4.11029 4.1642 6.49663 -0.0735497 4.71715 0.57459 0 0 0 0 1 1 1 1
-2.07125 0.0713867 -5.32281 14.565 6.8719 2.77541 0 0 0 0 1 1 1 1
-7.57242 -4.66316 -7.08821 -4.14261 -1.91422 0.548172 0 0 0 0 1 1 1 1
-2.21988 -1.27181 0.441804 -8.62507 2.70932 0.504743 0 0 0 0 1 1 1 1
-1.98615 -4.56514 -1.14126 -1.53881 -5.04905 1.12434 0 0 0 0 1 1 1 1
2.32001 -8.15489 0.77481 -1.343 6.5048 2.01459 0 0 0 0 1 1 1 1
-4.49585 -4.14287 -5.58719 4.14118 8.60125 1.10072 0 0 0 0 1 1 1 1
2.9149 1.53765 -2.27827 2.88127 7.05287 -3.87489 0 0 0 0 1 1 1 1
0.246069 -2.8859 3.59811 -12.2548 -5.03254 -5.06108 0 0 0 0 1 1 1 1
-5.50441 -0.444809 2.6084 8.81442 -6.9353 4.8269 0 0 0 0 1 1 1 1
-1.4455 6.30526 0.374138 -1.48317 12.0028 0.711202 0 0 0 0 1 1 1 1
-1.89386 -3.05673 -3.99608 -8.7437 1.10466 8.57651 0 0 0 0 1 1 1 1
-2.02067 -2.32115 -1.97055 0.412462 4.21784 2.44472 0 0 0 0 1 1 1 1
-4.43109 -0.497697 -1.06369 -3.34557 -7.09862 7.85872 0 0 0 0 1 1 1 1
2.2063 0.880012 0.576519 7.70225 1.29992 2.41341 0 0 0 0 1 1 1 1
-7.24433 -6.36015 -4.32896 4.85273 -1.57462 -5.24514 0 0 0 0 1 1 1 1
-9.8215 -1.65347 4.37666 1.7064 7.12502 1.13628 0 0 0 0 1 1 1 1
-3.94322 -3.26505 2.6036 -5.14053 -3.35712 9.54673 0 0 0 0 1 1 1 1
-4.78574 -3.01399 2.16445 1.61993 4.4167 3.37459 0 0 0 0 1 1 1 1
-0.941213 0.739467 0.807788 1.64113 -13.6134 -5.84586 0 0 0 0 1 1 1 1
-0.748703 -1.35264 -0.442117 11.033 1.50899 -6.78751 0 0 0 0 1 1 1 1
0.777982 4.09372 2.47039 0.432913 5.23293 -1.88115 0 0 0 0 1 1 1 1
4.68785 7.42855 -2.88449 3.46846 4.12656 4.61945 0 0 0 0 1 1 1 1
-3.24424 5.44105 -2.13872 -0.781335 4.30903 -7.13011 0 0 0 0 1 1 1 1
-4.42901 0.392677 -6.5451 1.42407 11.4239 4.25935 0 0 0 0 1 1 1 1
-5.09856 -0.843551 -2.87102 -2.25107 -0.215976 10.3336 0 0 0 0 1 1 1 1
-2.33724 -5.74719 4.75866 -0.473155 2.03723 7.47075 0 0 0 0 1 1 1 1
-3.41881 -0.797712 -1.39878 4.65082 -11.3123 3.41521 0 0 0 0 1 1 1 1
-2.32856 0.266485 4.38758 -3.88392 -1.97068 4.26832 0 0 0 0 1 1 1 1
-0.287369 -5.29142 1.21122 -7.04882 -2.00239 -7.8488 0 0 0 0 1 1 1 1
-5.70144 -6.28608 5.94356 -10.0837 -0.492157 -4.55972 0 0 0 0 1 1 1 1
6.64716 3.44155 -5.41304 9.95305 2.00098 -8.17633 0 0 0 0 1 1 1 1
-3.22851 -3.91443 7.9554 6.4536 -4.68148 2.14038 0 0 0 0 1 1 1 1
-6.03077 -0.577968 0.836512 -2.25454 -2.4946 17.2143 0 0 0 0 1 1 1 1
-4.833 -5.47835 1.076 -1.29067 -9.509 -6.95781 0 0 0 0 1 1 1 1
-5.4058 -1.37446 4.64871 -3.93801 9.0257 5.51747 0 0 0 0 1 1 1 1
3.71391 0.296527 1.64163 -3.80334 5.83415 -3.58739 0 0 0 0 1 1 1 1
-5.50342 1.44342 4.17244 0.385242 1.9516 2.24583 0 0 0 0 1 1 1 1
2.16574 -1.60363 0.0115252 -4.07594 2.7069 6.68157 0 0 0 0 1 1 1 1
1.48895 4.7414 0.790144 4.70323 -7.22906 -2.89139 0 0 0 0 1 1 1 1
-2.12908 2.943 0.859091 5.12886 4.24575 -2.73975 0 0 0 0 1 1 1 1
-2.75885 3.62759 4.80826 -0.542032 3.18575 0.521581 0 0 0 0 1 1 1 1
1.42742 0.585984 3.92115 13.4351 8.91848 7.41704 0 0 0 0 1 1 1 1
-0.203607 2.97694 2.57073 -8.52941 -0.304787 -12.7667 0 0 0 0 1 1 1 1
-1.4403 -0.198175 -3.98566 0.917212 3.3152 -2.58203 0 0 0 0 1 1 1 1
-2.38903 3.01329 -1.61688 -5.76185 -2.18732 -1.34463 0 0 0 0 1 1 1 1
-4.47303 -6.85836 4.41396 13.9357 -7.36126 -0.819485 0 0 0 0 1 1 1 1
-4.54288 -6.02501 2.05215 2.31663 3.01913 -4.91661 0 0 0 0 1 1 1 1
5.72225 2.50811 0.798123 4.50049 0.146139 -3.72364 0 0 0 0 1 1 1 1
3.10162 -0.617367 1.63313 12.655 -1.38703 4.51351 0 0 0 0 1 1 1 1
-1.562 -2.83767 -7.59032 -7.82142 1.05888 -2.42484 0 0 0 0 1 1 1 1
-4.90075 1.42783 5.51662 3.25605 -1.46747 2.69823 0 0 0 0 1 1 1 1
3.80692 -5.09109 3.23222 0.821917 -9.01143 2.71373 0 0 0 0 1 1 1 1
5.55357 0.848611 -1.84053 7.62441 -15.0707 11.5809 0 0 0 0 1 1 1 1
1.53944 -2.0859 5.05506 -2.91403 -4.55597 -7.64257 0 0 0 0 1 1 1 1
-0.744993 -2.24562 3.52625 0.881692 -1.2126 11.8294 0 0 0 0 1 1 1 1
-2.06301 -0.337663 0.843092 6.31907 2.28567 5.52141 0 0 0 0 1 1 1 1
3.4149 4.07569 -3.99965 2.38449 3.59606 -2.15378 0 0 0 0 1 1 1 1
-7.21718 -1.37433 2.76663 -3.00448 -9.18092 10.746 0 0 0 0 1 1 1 1
-5.70124 0.468426 5.17023 -3.49617 -0.927819 7.19517 0 0 0 0 1 1 1 1
-1.24243 0.423475 1.49905 -8.61115 1.13396 -3.55666 0 0 0 0 1 1 1 1
2.60675 3.51815 -0.611289 -4.60048 8.92964 -0.870137 0 0 0 0 1 1 1 1
1.39929 2.3137 7.58616 -5.90498 5.85224 1.37681 0 0 0 0 1 1 1 1
8.04963 2.98202 1.71943 7.51413 6.84577 -4.19294 0 0 0 0 1 1 1 1
0.535154 -4.63946 -5.73325 0.0287239 -4.40281 5.84762 0 0 0 0 1 1 1 1
-5.19693 -5.72033 -4.79687 5.09719 -5.292 -3.92143 0 0 0 0 1 1 1 1
-5.28465 3.61218 0.789471 6.42678 0.929927 7.26532 0 0 0 0 1 1 1 1
5.82305 -4.66627 6.90013 3.31252 -9.84376 8.0293 0 0 0 0 1 1 1 1
-5.09014 2.06834 3.69765 3.21278 0.12708 3.4007 0 0 0 0 1 1 1 1
4.15657 -0.715799 5.15352 -2.09084 2.01072 7.4719 0 0 0 0 1 1 1 1
-2.41018 -0.690397 4.4807 5.66459 1.36096 -0.404146 0 0 0 0 1 1 1 1
-3.48069 -0.645132 -5.49956 3.71137 3.77669 1.03748 0 0 0 0 1 1 1 1
1.07069 1.84651 -1.47328 4.49813 8.93741 10.3255 0 0 0 0 1 1 1 1
-5.44199 -2.42895 3.92854 0.90399 1.71836 -0.851471 0 0 0 0 1 1 1 1
3.0985 -7.06865 -2.6653 5.76443 2.75243 -0.263181 0 0 0 0 1 1 1 1
1.87488 -4.46119 -7.81913 8.87254 5.03857 -6.78637 0 0 0 0 1 1 1 1
0.763741 0.876254 -3.57403 0.441145 3.45705 5.80838 0 0 0 0 1 1 1 1
-1.40611 -6.8838 0.550104 -2.2982 11.9574 9.63083 0 0 0 0 1 1 1 1
-3.57796 2.48292 -0.375248 -4.0924 17.1752 -0.848911 0 0 0 0 1 1 1 1
-5.96138 -5.82009 -4.29426 5.3886 6.82987 6.42815 0 0 0 0 1 1 1 1
-1.8337 -1.98964 1.77978 -6.10265 -4.66491 3.90011 0 0 0 0 1 1 1 1
-2.20135 -2.06258 0.5208 7.29169 -11.7941 3.60054 0 0 0 0 1 1 1 1
4.49341 -2.86871 -2.39866 2.90759 -16.328 4.49871 0 0 0 0 1 1 1 1
2.32415 2.4218 -7.87194 -3.18944 9.69341 5.07057 0 0 0 0 1 1 1 1
-6.63333 2.67534 2.98812 -2.29753 5.52102 -2.93963 0 0 0 0 1 1 1 1
1.36707 3.63387 1.04807 1.46767 0.867099 -4.35756 0 0 0 0 1 1 1 1
