0.455834 4.45668 0.202755 -0.2109 0.617749 0.383658 0 0 0 0 1 1 1 1
-4.62392 2.79607 1.52001 0.190064 0.000590639 -0.819757 0 0 0 0 1 1 1 1
-4.35042 -6.21709 5.11613 0.452651 -1.06273 1.67505 0 0 0 0 1 1 1 1
4.62914 -2.31482 4.7566 -0.144783 -1.22586 2.16003 0 0 0 0 1 1 1 1
1.32089 2.32159 -3.948 0.92803 -2.13786 -2.01475 0 0 0 0 1 1 1 1
4.78544 -1.44217 3.81892 0.737097 1.26548 0.148908 0 0 0 0 1 1 1 1
1.14546 0.575459 0.546091 0.742781 0.978227 -0.629097 0 0 0 0 1 1 1 1
-2.15149 -0.201377 3.77659 0.681651 -1.18339 0.502905 0 0 0 0 1 1 1 1
3.97783 -1.27688 -5.3686 0.562883 -1.27763 -0.772774 0 0 0 0 1 1 1 1
-4.551 -1.25411 3.65847 0.475129 0.240334 1.88339 0 0 0 0 1 1 1 1
0.288467 2.9436 3.75911 -0.678724 0.216233 -1.48224 0 0 0 0 1 1 1 1
3.83443 2.50472 -3.41015 -0.707994 1.28877 0.820357 0 0 0 0 1 1 1 1
1.75001 2.87466 -0.577019 1.08647 0.297603 1.46788 0 0 0 0 1 1 1 1
4.63528 2.73902 3.80247 -0.287144 -0.364193 1.17639 0 0 0 0 1 1 1 1
-0.17599 -3.79695 5.20852 -1.01608 1.40194 1.94618 0 0 0 0 1 1 1 1
0.749484 4.94465 -3.15326 -0.674054 0.410445 -0.296332 0 0 0 0 1 1 1 1
-0.71682 -1.89492 2.21579 -0.783782 0.730338 0.275138 0 0 0 0 1 1 1 1
-0.795456 -4.9458 0.816889 1.27099 0.719593 -0.806349 0 0 0 0 1 1 1 1
2.15499 -2.60426 4.45422 0.275747 -1.52209 0.330888 0 0 0 0 1 1 1 1
0.59742 -1.77663 -2.65351 -0.332168 -0.095746 0.130961 0 0 0 0 1 1 1 1
-1.76125 -2.89441 2.48987 0.927387 -0.815252 0.60661 0 0 0 0 1 1 1 1
2.90188 3.74347 -1.40085 0.24073 0.644596 -0.787088 0 0 0 0 1 1 1 1
1.51527 5.74253 -3.64925 1.61393 3.39835 1.35124 0 0 0 0 1 1 1 1
-5.28223 -6.0539 4.23807 -0.177386 0.922105 -0.0655737 0 0 0 0 1 1 1 1
1.23056 -4.40565 1.11076 -0.114143 1.97846 -0.373136 0 0 0 0 1 1 1 1
-4.39278 -0.551746 1.40272 -0.164362 0.572197 2.36222 0 0 0 0 1 1 1 1
-3.74677 -4.32679 4.5438 -0.0950032 1.7583 0.856296 0 0 0 0 1 1 1 1
-4.60842 2.06363 -5.31181 1.34995 1.03687 1.07703 0 0 0 0 1 1 1 1
-1.15033 5.56655 3.237 0.788247 2.32317 -0.441135 0 0 0 0 1 1 1 1
0.233653 -4.20681 -1.79949 1.14714 -1.39605 1.74021 0 0 0 0 1 1 1 1
1.24901 -1.16371 -3.49831 -0.452835 -0.576604 -0.331301 0 0 0 0 1 1 1 1
3.89877 -4.45402 -1.46441 0.889876 0.9219 -0.0784677 0 0 0 0 1 1 1 1
-2.42569 -4.07549 1.11993 -1.1641 0.318526 0.329221 0 0 0 0 1 1 1 1
4.07654 -5.02973 -0.559861 -0.615332 -0.887445 -1.723 0 0 0 0 1 1 1 1
-4.73011 4.61876 -5.19738 0.456612 -0.547148 -0.0752979 0 0 0 0 1 1 1 1
2.88795 -5.15987 -0.940795 2.0067 1.35412 2.33033 0 0 0 0 1 1 1 1
3.31027 4.2622 -3.62699 -1.06479 -1.09528 -0.906937 0 0 0 0 1 1 1 1
2.04063 4.18296 4.45927 -0.566829 -0.711658 0.044748 0 0 0 0 1 1 1 1
2.35959 -2.72959 -4.19379 -0.248086 0.153351 -0.631979 0 0 0 0 1 1 1 1
3.98873 2.09653 2.92396 1.1857 -0.75248 1.05151 0 0 0 0 1 1 1 1
4.53309 -4.68717 1.4596 -0.463973 0.422704 0.0756423 0 0 0 0 1 1 1 1
-4.90498 -4.70385 -5.91497 -1.32628 -0.824163 -0.502155 0 0 0 0 1 1 1 1
-0.0791948 0.267419 0.539231 -1.76035 -0.528592 -0.149724 0 0 0 0 1 1 1 1
2.87162 3.94274 2.21869 -1.76631 -0.445968 -1.67171 0 0 0 0 1 1 1 1
3.40233 -0.458901 5.63312 0.0223276 -0.441784 1.12735 0 0 0 0 1 1 1 1
4.71539 -2.85946 2.4775 1.62447 -0.23954 -0.569461 0 0 0 0 1 1 1 1
-2.625 -5.91524 -3.59175 -0.778297 0.250708 -0.676566 0 0 0 0 1 1 1 1
4.65592 2.84646 2.3843 0.162496 -1.21654 0.0742853 0 0 0 0 1 1 1 1
4.11607 -5.802 1.53048 1.64844 -1.4575 1.06546 0 0 0 0 1 1 1 1
-1.29856 -2.40889 -5.43469 -0.691109 0.503969 -0.926047 0 0 0 0 1 1 1 1
-5.76659 -5.55786 0.228338 0.311445 1.14689 -0.168611 0 0 0 0 1 1 1 1
-0.421583 -3.26147 -2.42787 1.26764 0.59894 2.23975 0 0 0 0 1 1 1 1
0.0220934 -2.47109 1.23157 -1.59647 0.749352 1.52984 0 0 0 0 1 1 1 1
-4.96095 1.70822 3.60288 -0.679488 -0.738778 0.941019 0 0 0 0 1 1 1 1
-1.37847 -4.58368 -4.57607 -0.645458 1.47555 1.30959 0 0 0 0 1 1 1 1
2.99733 -0.159526 3.06075 -1.14802 0.213588 1.35289 0 0 0 0 1 1 1 1
4.37143 5.12545 2.72928 1.25064 -0.527394 1.86246 0 0 0 0 1 1 1 1
-5.4618 -5.43054 -1.79983 0.298511 -1.59514 -0.790172 0 0 0 0 1 1 1 1
-4.82018 -2.94556 -1.61061 -0.95274 -1.1977 0.551166 0 0 0 0 1 1 1 1
-0.353635 -3.60837 0.428454 -0.0799252 0.817235 0.741072 0 0 0 0 1 1 1 1
4.13448 3.87484 1.41683 0.699573 1.35267 -0.568086 0 0 0 0 1 1 1 1
-4.59445 -0.70632 0.0155866 0.828475 -0.802665 0.0939944 0 0 0 0 1 1 1 1
2.84621 2.82412 1.73084 0.566899 -0.32052 0.435568 0 0 0 0 1 1 1 1
2.25868 -2.84796 -5.20233 0.46193 -0.351446 0.462789 0 0 0 0 1 1 1 1
-5.12898 1.46031 -4.35451 -0.830953 0.621348 -0.383922 0 0 0 0 1 1 1 1
3.42804 1.71164 5.24245 1.0051 0.759942 -0.105469 0 0 0 0 1 1 1 1
-4.09839 1.05447 -4.52782 0.684133 -0.170411 1.11392 0 0 0 0 1 1 1 1
1.84315 3.90463 2.01844 1.369 -0.320005 0.916231 0 0 0 0 1 1 1 1
1.6842 -4.83291 4.80585 0.699603 0.443559 -1.89074 0 0 0 0 1 1 1 1
4.70933 3.07148 0.908143 0.462135 -0.330238 -0.432481 0 0 0 0 1 1 1 1
3.11603 -4.66591 -2.18817 0.0450291 1.01277 1.28187 0 0 0 0 1 1 1 1
-2.68441 -3.11684 4.34315 0.113058 0.762129 -0.044835 0 0 0 0 1 1 1 1
-1.31941 1.54114 0.753402 1.31684 0.207849 0.589754 0 0 0 0 1 1 1 1
1.29829 2.20103 0.926107 0.818092 0.165934 0.219462 0 0 0 0 1 1 1 1
-4.88919 -4.14864 2.65168 0.411211 -0.492048 -0.732223 0 0 0 0 1 1 1 1
-4.17506 -2.87969 -0.84703 0.0609571 0.155686 -0.794506 0 0 0 0 1 1 1 1
5.24186 4.57707 3.66027 0.0665549 -0.159187 1.23435 0 0 0 0 1 1 1 1
-1.90168 -1.37919 2.29476 -2.63204 -1.65362 1.51645 0 0 0 0 1 1 1 1
2.88514 -6.29438 1.12775 1.03268 0.656118 1.50016 0 0 0 0 1 1 1 1
4.54113 1.13393 -4.92255 0.0339506 -1.04966 -0.221174 0 0 0 0 1 1 1 1
0.582693 1.38428 0.927486 -2.08983 -1.60968 -0.365834 0 0 0 0 1 1 1 1
-0.0222341 -1.67837 -6.65463 0.185638 -2.39604 -1.18513 0 0 0 0 1 1 1 1
0.925454 -4.31248 -4.93843 1.16268 -0.688928 0.285992 0 0 0 0 1 1 1 1
-2.05433 1.35029 4.89889 -0.925611 -0.707191 0.520378 0 0 0 0 1 1 1 1
4.7548 -2.92256 1.441 1.29381 -1.076 -0.750429 0 0 0 0 1 1 1 1
1.92003 0.763572 -0.422793 0.247974 -2.40507 -0.358227 0 0 0 0 1 1 1 1
3.86254 4.61052 4.78043 -0.146321 -1.15052 0.384403 0 0 0 0 1 1 1 1
-2.29502 5.06003 4.22216 1.04265 1.32514 -0.188553 0 0 0 0 1 1 1 1
-5.33748 -0.462172 6.11918 0.499364 1.55657 1.5506 0 0 0 0 1 1 1 1
2.99625 4.65215 5.27526 1.33644 0.935864 0.550203 0 0 0 0 1 1 1 1
1.74981 -3.30576 2.35625 0.158466 -2.57811 0.276619 0 0 0 0 1 1 1 1
-1.58507 -5.60509 0.962004 -1.13711 -1.47653 0.484364 0 0 0 0 1 1 1 1
-6.49002 1.51382 -3.13532 -0.0811137 -0.262133 -1.87127 0 0 0 0 1 1 1 1
2.76038 5.09961 -5.12457 -1.61795 0.610416 0.922282 0 0 0 0 1 1 1 1
3.4225 -5.74873 -2.46589 -0.53551 -0.86343 -1.03042 0 0 0 0 1 1 1 1
-5.67985 1.59237 0.490724 -0.28896 -1.05008 0.00496738 0 0 0 0 1 1 1 1
4.13744 -5.08099 -4.37791 -0.214302 2.10046 0.144155 0 0 0 0 1 1 1 1
0.724902 3.0515 2.60854 -0.0610625 2.66099 1.75822 0 0 0 0 1 1 1 1
2.15565 -5.64758 4.24992 -1.71457 -0.53836 0.0888517 0 0 0 0 1 1 1 1
-4.25812 1.43296 4.57738 -1.80424 0.583467 0.900218 0 0 0 0 1 1 1 1
4.11422 4.68497 3.75152 0.43694 -1.21985 -0.258955 0 0 0 0 1 1 1 1
-1.7137 3.27797 1.74886 2.25257 -0.33192 0.119323 0 0 0 0 1 1 1 1
0.680955 -2.77069 -2.42067 -0.580034 2.92743 -0.370747 0 0 0 0 1 1 1 1
-3.69881 -0.00680716 2.40988 -0.068878 1.38613 0.798825 0 0 0 0 1 1 1 1
3.68465 -4.44918 -3.58194 0.36119 -0.11952 1.16374 0 0 0 0 1 1 1 1
-0.658206 0.869138 3.65122 -0.0561422 1.02149 1.97025 0 0 0 0 1 1 1 1
-3.53873 4.53413 -6.26264 -0.795694 0.44991 -0.6436 0 0 0 0 1 1 1 1
-2.98713 -3.6512 2.61983 1.26693 0.46217 -1.23046 0 0 0 0 1 1 1 1
-3.71553 -2.26167 4.5584 0.781143 -1.1754 0.554093 0 0 0 0 1 1 1 1
3.85291 -1.88532 -2.00919 1.89802 2.13645 -0.499104 0 0 0 0 1 1 1 1
-3.50535 -0.947219 4.14517 0.467972 0.209903 -1.22621 0 0 0 0 1 1 1 1
-4.65133 0.19215 -4.14426 -0.944059 0.360275 1.52121 0 0 0 0 1 1 1 1
-4.57931 -0.189672 4.69056 -0.777084 -1.11874 0.665841 0 0 0 0 1 1 1 1
2.34479 4.76795 -2.0906 2.03141 -0.222668 -0.356991 0 0 0 0 1 1 1 1
-0.720928 -3.47344 -4.75135 -0.678988 1.313 1.38417 0 0 0 0 1 1 1 1
0.790765 -4.25118 5.02463 1.02029 -1.50624 0.564707 0 0 0 0 1 1 1 1
-5.25948 -4.7868 -0.464824 -0.610398 0.764126 -1.62432 0 0 0 0 1 1 1 1
4.79486 5.19992 4.38959 -1.34084 1.59689 -1.13308 0 0 0 0 1 1 1 1
2.70819 3.47353 -0.23537 -0.0943066 -0.485045 -0.397159 0 0 0 0 1 1 1 1
-2.85893 1.58614 -3.76448 -0.732198 -1.08819 1.48539 0 0 0 0 1 1 1 1
-0.749632 3.53618 -2.00049 -0.627524 -2.18534 -1.87892 0 0 0 0 1 1 1 1
5.14771 -2.15832 0.720257 -2.79911 -0.828664 1.26707 0 0 0 0 1 1 1 1
-0.643864 -5.80085 -4.43349 0.854651 1.27682 -0.280956 0 0 0 0 1 1 1 1
-5.29832 4.54453 1.47192 0.369389 0.365147 -0.300268 0 0 0 0 1 1 1 1
-0.213968 4.97957 -1.49815 -1.782 -0.560415 -0.338965 0 0 0 0 1 1 1 1
0.279833 1.96808 -1.3125 0.706544 1.03181 0.154884 0 0 0 0 1 1 1 1
-1.58475 1.96732 -3.88114 2.17788 -0.913766 0.845477 0 0 0 0 1 1 1 1
-4.99151 3.58037 3.60167 -0.0671269 0.71417 0.158523 0 0 0 0 1 1 1 1
-2.2134 3.72362 -4.79833 -1.10399 -0.607373 -0.563718 0 0 0 0 1 1 1 1
-1.49577 -4.05708 0.462657 0.0656914 0.854534 -0.13133 0 0 0 0 1 1 1 1
1.43048 4.78656 0.187432 0.696306 0.497255 -0.148773 0 0 0 0 1 1 1 1
-3.03883 4.94433 3.30263 0.432362 0.963654 0.955067 0 0 0 0 1 1 1 1
-0.335927 -4.64685 -2.86281 0.171949 1.40207 -2.03116 0 0 0 0 1 1 1 1
4.73156 -0.27327 3.81845 -0.169547 0.781355 -0.979397 0 0 0 0 1 1 1 1
-1.37262 -1.11384 0.162555 0.210506 1.06528 -0.882757 0 0 0 0 1 1 1 1
-3.62068 0.548233 -3.16078 -2.44821 -0.593458 0.661976 0 0 0 0 1 1 1 1
1.34323 -2.62484 -5.59609 -0.766417 1.80453 -1.07831 0 0 0 0 1 1 1 1
-3.56653 -4.4085 0.748637 1.70806 0.932363 -0.247943 0 0 0 0 1 1 1 1
3.3803 0.509669 0.261107 -0.016637 0.421222 -1.25755 0 0 0 0 1 1 1 1
-5.61467 0.0758297 2.07397 -0.788485 2.68426 0.620448 0 0 0 0 1 1 1 1
-0.687736 -1.00609 -3.09893 0.841221 -1.97919 -1.13354 0 0 0 0 1 1 1 1
4.83089 4.32191 -3.20456 0.450011 -0.210545 -0.751861 0 0 0 0 1 1 1 1
2.05113 1.501 3.55303 -0.887721 0.633944 0.230463 0 0 0 0 1 1 1 1
-2.64234 3.82938 0.0306097 0.39127 -0.821328 0.308483 0 0 0 0 1 1 1 1
-4.06282 -5.31659 1.27125 -0.279956 0.0227855 0.272747 0 0 0 0 1 1 1 1
1.24073 -1.52838 2.90093 -0.962378 0.386355 1.55695 0 0 0 0 1 1 1 1
0.18615 4.71462 -4.1349 -0.539373 -0.536338 -2.20509 0 0 0 0 1 1 1 1
4.06678 -0.240199 4.80537 -1.70016 -1.45595 -0.189446 0 0 0 0 1 1 1 1
-4.29667 -0.250326 -2.34264 1.16746 0.236891 -0.517511 0 0 0 0 1 1 1 1
-0.268655 3.53862 -3.87517 -0.960654 0.108632 -1.22948 0 0 0 0 1 1 1 1
0.300789 2.83665 1.09093 -0.142078 -0.598349 -0.903474 0 0 0 0 1 1 1 1
-2.27237 -2.20635 -5.3184 -0.24198 -0.0385543 0.608045 0 0 0 0 1 1 1 1
-1.30933 1.77534 -2.69674 -1.77935 0.560203 0.707253 0 0 0 0 1 1 1 1
0.550011 -4.59709 1.96796 -0.303155 1.48168 -0.238523 0 0 0 0 1 1 1 1
-1.77198 -0.859864 -5.15498 0.66431 0.19666 -0.17302 0 0 0 0 1 1 1 1
-0.454413 -5.37642 -2.14076 -0.339571 0.461283 -0.832908 0 0 0 0 1 1 1 1
-0.238007 -0.0315388 -1.6602 0.110177 0.240861 0.420963 0 0 0 0 1 1 1 1
-1.88221 0.104176 -4.32646 -0.732098 -1.25472 0.123277 0 0 0 0 1 1 1 1
-2.99671 -1.19878 1.04164 0.25381 1.86133 0.817828 0 0 0 0 1 1 1 1
-3.71227 1.95132 5.38871 0.614302 0.490725 -1.35592 0 0 0 0 1 1 1 1
-1.44683 -0.220649 2.84875 0.274008 0.820419 -1.4598 0 0 0 0 1 1 1 1
5.27841 1.62797 4.21618 -0.321352 -0.398642 -0.0522362 0 0 0 0 1 1 1 1
0.952938 -1.00616 -1.84821 -0.302354 0.9061 0.695399 0 0 0 0 1 1 1 1
0.470932 -3.31562 -5.29528 0.958241 -1.0667 -0.941496 0 0 0 0 1 1 1 1
0.254887 0.208929 3.82713 -0.0361045 2.46378 -0.0615338 0 0 0 0 1 1 1 1
0.0822839 1.53357 4.65721 1.08505 -1.9118 -0.996553 0 0 0 0 1 1 1 1
4.45131 -5.52189 3.71765 1.40761 -0.0169509 -0.601847 0 0 0 0 1 1 1 1
2.38392 -2.4229 -1.6515 -0.131966 -0.595847 0.260307 0 0 0 0 1 1 1 1
5.39438 -1.18992 -1.56529 -0.160734 1.32955 1.09878 0 0 0 0 1 1 1 1
1.7091 -5.61516 0.676692 -0.0171306 -1.47623 0.662242 0 0 0 0 1 1 1 1
2.60946 -0.44808 -3.28603 1.81484 -1.5719 -1.87621 0 0 0 0 1 1 1 1
3.90635 0.299017 3.17326 -1.81897 -0.716567 0.798031 0 0 0 0 1 1 1 1
4.71645 1.78706 0.445309 0.0577267 0.251343 -0.78347 0 0 0 0 1 1 1 1
-6.67661 -4.43709 -3.29798 -0.222937 0.637257 0.868882 0 0 0 0 1 1 1 1
5.05169 -5.28833 -0.935274 -1.20959 -0.31636 0.808559 0 0 0 0 1 1 1 1
-1.87532 0.336029 -2.47935 -0.251981 0.0640941 0.535996 0 0 0 0 1 1 1 1
-4.47139 -0.326235 -0.976931 -1.37232 -0.480873 -1.78067 0 0 0 0 1 1 1 1
2.93963 4.69243 3.95841 0.00251856 -0.38301 0.643273 0 0 0 0 1 1 1 1
-4.81984 0.657018 -1.82197 1.47946 -1.3472 -0.584508 0 0 0 0 1 1 1 1
5.01208 -1.58109 -2.54515 -0.607175 0.459902 0.401236 0 0 0 0 1 1 1 1
0.318625 0.242202 -3.89877 -1.28902 -1.68592 -0.403 0 0 0 0 1 1 1 1
-1.5177 -0.926882 4.22632 0.153873 -0.68293 0.465582 0 0 0 0 1 1 1 1
4.89225 2.19067 1.45636 0.515314 0.50487 0.253262 0 0 0 0 1 1 1 1
-0.378996 -2.62994 -0.825791 -1.01916 -0.366666 0.842516 0 0 0 0 1 1 1 1
-2.84008 4.47186 -3.76823 1.6296 -1.08307 0.286467 0 0 0 0 1 1 1 1
2.37397 -1.57949 -3.51076 -1.44473 0.101527 0.297561 0 0 0 0 1 1 1 1
-4.54326 3.44129 -4.48095 2.3168 -1.09406 -0.116309 0 0 0 0 1 1 1 1
2.52516 2.45289 -0.0580843 1.4376 1.46702 -0.06749 0 0 0 0 1 1 1 1
-6.29049 -3.58083 -2.59166 -1.5343 -0.81502 -0.772467 0 0 0 0 1 1 1 1
-2.50506 1.71175 -1.20668 -0.293706 0.616144 2.41219 0 0 0 0 1 1 1 1
4.69228 1.55392 -2.08955 -1.76264 -2.03865 0.320605 0 0 0 0 1 1 1 1
1.95813 -1.88594 2.08416 -2.09569 1.03777 0.0132928 0 0 0 0 1 1 1 1
1.0019 3.19871 4.78832 1.71769 0.50834 0.450471 0 0 0 0 1 1 1 1
-3.27209 3.64644 -4.52138 -0.723307 -0.436522 1.47566 0 0 0 0 1 1 1 1
0.482299 -4.44562 0.223075 -1.3839 1.57739 0.337425 0 0 0 0 1 1 1 1
-1.87969 -3.86474 3.06769 1.24794 0.163749 -0.0193903 0 0 0 0 1 1 1 1
3.25308 -1.97222 1.90667 1.04608 0.97298 -1.71428 0 0 0 0 1 1 1 1
4.73975 -0.559866 -5.6687 0.35817 0.907668 0.307895 0 0 0 0 1 1 1 1
1.14931 3.529 -5.297 0.696085 -0.902844 -0.358938 0 0 0 0 1 1 1 1
-3.26073 -5.26895 -1.52983 -1.20769 0.0341182 -1.51333 0 0 0 0 1 1 1 1
-5.79541 1.23132 1.75908 -0.18224 -0.776265 1.08899 0 0 0 0 1 1 1 1
-1.67426 -2.879 3.69208 -0.536139 0.301709 -0.397219 0 0 0 0 1 1 1 1
2.18724 3.7101 -4.63489 -0.0928576 0.154888 -1.87151 0 0 0 0 1 1 1 1
-4.18294 -0.382687 3.26605 -0.634529 -0.296456 0.962399 0 0 0 0 1 1 1 1
-2.25851 -4.84162 -1.15694 -1.11561 0.951793 1.18221 0 0 0 0 1 1 1 1
-0.573968 1.70665 -5.63952 -0.332984 -0.869997 1.0949 0 0 0 0 1 1 1 1
4.11583 -0.86482 -3.04104 -1.13573 0.40791 0.129646 0 0 0 0 1 1 1 1
4.89711 2.08893 -4.00674 1.08884 -0.891813 -1.00869 0 0 0 0 1 1 1 1
0.770774 -5.35173 4.68771 0.577407 -1.47256 -0.643861 0 0 0 0 1 1 1 1
-5.6263 2.44775 1.05549 2.11362 1.5167 -0.293847 0 0 0 0 1 1 1 1
5.05039 -4.38192 -0.420936 1.58613 0.385314 -2.3305 0 0 0 0 1 1 1 1
-3.74646 -3.24522 4.06288 -0.194965 0.420844 -1.45489 0 0 0 0 1 1 1 1
-5.33866 1.79049 -3.42051 0.93983 1.66278 1.36712 0 0 0 0 1 1 1 1
2.50046 -4.81571 2.34151 -0.324318 1.5361 -0.00983578 0 0 0 0 1 1 1 1
-2.45513 -5.63227 -0.368243 -0.931833 1.61653 -0.945145 0 0 0 0 1 1 1 1
-3.02191 -1.72773 1.88579 -2.15338 -1.13505 0.0549842 0 0 0 0 1 1 1 1
0.4312 -2.12241 -1.45051 0.24177 -2.73321 -0.490519 0 0 0 0 1 1 1 1
-1.40351 2.17533 5.00782 0.517165 -0.503736 0.230349 0 0 0 0 1 1 1 1
-6.08256 3.87327 -4.20976 -1.05246 0.560252 0.109043 0 0 0 0 1 1 1 1
-3.54381 -1.29029 -4.36872 -2.79255 -1.21667 -0.141141 0 0 0 0 1 1 1 1
2.70256 -0.815102 0.859218 -2.17925 -1.11087 -0.492584 0 0 0 0 1 1 1 1
-2.93394 4.60375 -1.76772 0.128798 1.5646 -2.37907 0 0 0 0 1 1 1 1
-5.83236 -4.08695 -5.53024 0.468529 1.49274 -0.362001 0 0 0 0 1 1 1 1
-6.09104 3.79237 2.82382 -1.68322 -0.369499 1.30538 0 0 0 0 1 1 1 1
-1.04724 -0.782443 2.03273 -2.29033 0.0441623 1.88246 0 0 0 0 1 1 1 1
0.16729 -5.32268 -1.25981 1.60304 -1.10646 0.30299 0 0 0 0 1 1 1 1
-4.79044 3.69261 -0.0180301 -1.82639 0.316933 2.03291 0 0 0 0 1 1 1 1
0.896954 4.16983 2.54059 -0.578525 0.0407741 1.11867 0 0 0 0 1 1 1 1
-1.66795 4.27195 -1.32576 -1.87661 -1.36892 0.709467 0 0 0 0 1 1 1 1
0.0498423 4.15129 1.30558 0.304154 -0.644055 0.112751 0 0 0 0 1 1 1 1
0.997379 -0.612642 -0.495168 0.84729 0.434013 -0.115367 0 0 0 0 1 1 1 1
0.766627 0.195071 -1.23208 0.562668 -0.389882 -1.04588 0 0 0 0 1 1 1 1
4.46871 4.6093 -1.03364 -1.52908 0.782229 2.23703 0 0 0 0 1 1 1 1
1.81734 3.31431 2.99613 -2.19109 -0.13809 -0.535218 0 0 0 0 1 1 1 1
-2.5433 -1.43596 4.07072 0.560203 0.654874 1.77692 0 0 0 0 1 1 1 1
-4.69094 -0.798857 -4.57738 -0.954213 1.38618 -0.6925 0 0 0 0 1 1 1 1
-1.24284 2.42243 2.44901 -1.15317 0.8462 -1.70108 0 0 0 0 1 1 1 1
3.54884 -3.37659 -1.66617 -0.860706 0.257154 0.398411 0 0 0 0 1 1 1 1
-5.84467 0.768895 -2.38835 -1.39162 0.416636 -0.00467405 0 0 0 0 1 1 1 1
-5.75984 -4.13601 1.96429 -0.459857 1.32969 -0.0816758 0 0 0 0 1 1 1 1
-2.08352 4.57159 -2.9237 -0.371858 -0.122325 -0.103961 0 0 0 0 1 1 1 1
3.27257 -5.41903 -3.68024 0.499679 -0.759577 -1.28132 0 0 0 0 1 1 1 1
2.42545 4.37137 0.15954 0.178316 -0.794818 0.861644 0 0 0 0 1 1 1 1
-2.16978 2.70584 -4.94499 0.902533 -0.85659 1.89444 0 0 0 0 1 1 1 1
4.57611 -3.14965 -5.25553 -1.05814 1.87609 -0.484234 0 0 0 0 1 1 1 1
-4.48627 -2.53349 -6.06686 0.140931 0.438257 -0.423568 0 0 0 0 1 1 1 1
-0.374458 1.22665 -2.70415 0.207626 -0.87458 -0.466021 0 0 0 0 1 1 1 1
-3.09603 1.31034 1.63431 0.079581 -1.03775 -0.159776 0 0 0 0 1 1 1 1
-2.33265 -4.85123 0.314987 1.00028 0.0970342 0.539386 0 0 0 0 1 1 1 1
-4.22103 -3.9817 -0.788343 -0.285811 -0.716594 -0.983088 0 0 0 0 1 1 1 1
3.75946 -5.81216 -1.22949 1.1666 1.15 -0.642974 0 0 0 0 1 1 1 1
0.886303 -0.863814 1.97138 -0.367707 0.312236 0.226487 0 0 0 0 1 1 1 1
-3.30977 0.317911 4.52476 0.647247 -0.404816 1.10143 0 0 0 0 1 1 1 1
-0.826968 2.99544 -5.60111 0.877411 -1.26759 0.620854 0 0 0 0 1 1 1 1
2.37009 -3.4924 -1.7818 -1.59812 -1.57663 -0.595406 0 0 0 0 1 1 1 1
-0.939061 4.00169 4.54324 -0.699504 0.0400395 -1.13207 0 0 0 0 1 1 1 1
-5.52747 4.67487 -4.46874 -1.20179 0.288559 0.706764 0 0 0 0 1 1 1 1
-5.09113 -1.48064 4.51067 -0.610667 0.886426 1.24887 0 0 0 0 1 1 1 1
4.80376 -4.62637 4.06781 -0.421501 -0.308538 1.73945 0 0 0 0 1 1 1 1
-4.67308 2.34904 -4.28345 -0.198288 -0.738837 0.903941 0 0 0 0 1 1 1 1
-1.92612 -3.52768 -5.07238 -0.470631 -0.151491 0.804387 0 0 0 0 1 1 1 1
2.86566 -2.02224 0.946497 0.809456 0.57196 0.483539 0 0 0 0 1 1 1 1
4.47913 1.20149 2.3485 0.275796 0.650342 0.340435 0 0 0 0 1 1 1 1
-3.2075 0.371227 -2.18285 0.278676 -0.864154 0.240355 0 0 0 0 1 1 1 1
-2.98002 -4.5265 5.2913 -0.234803 0.366196 2.31507 0 0 0 0 1 1 1 1
0.393021 -0.771266 -2.6469 -1.53881 1.17173 0.958248 0 0 0 0 1 1 1 1
0.601074 0.444491 1.60103 -0.389374 -1.44598 -0.963519 0 0 0 0 1 1 1 1
-1.24689 -5.96188 4.33609 -0.346573 0.41483 -0.0160587 0 0 0 0 1 1 1 1
-6.14445 0.62197 3.82959 -0.292345 -1.02569 -0.879461 0 0 0 0 1 1 1 1
-1.85136 1.21009 1.82363 -0.749342 -0.0657429 -0.152244 0 0 0 0 1 1 1 1
-3.43748 -3.13226 -3.32886 -0.418032 0.00728293 -0.495806 0 0 0 0 1 1 1 1
-4.09604 2.43405 4.64185 0.646639 0.435362 0.130482 0 0 0 0 1 1 1 1
4.15063 0.496998 -2.51697 -0.270666 -0.0326031 0.232458 0 0 0 0 1 1 1 1
2.31281 5.96484 -1.80769 -0.530328 0.162838 1.21919 0 0 0 0 1 1 1 1
-5.4719 -3.8979 4.90518 -1.34619 -0.289295 -0.439308 0 0 0 0 1 1 1 1
0.114471 4.08534 -5.69031 -1.82956 0.607894 -0.486346 0 0 0 0 1 1 1 1
0.434046 -5.89898 -2.18958 0.52453 -1.31321 -0.816868 0 0 0 0 1 1 1 1
2.12082 -0.923984 2.69264 0.486712 0.178714 -0.808664 0 0 0 0 1 1 1 1
-0.877232 -2.53953 -1.82784 0.118714 -0.388415 -1.11674 0 0 0 0 1 1 1 1
0.279806 -3.1258 -1.53442 0.616341 0.274122 -0.41971 0 0 0 0 1 1 1 1
3.55742 1.71045 -2.71113 -0.608697 -1.36211 0.668047 0 0 0 0 1 1 1 1
2.73842 1.43502 -3.82157 0.918185 -0.0433668 -1.33783 0 0 0 0 1 1 1 1
-2.25294 0.270203 -0.475258 -0.600024 1.31136 0.101714 0 0 0 0 1 1 1 1
-5.46221 -2.66471 1.97305 -0.179057 0.173516 0.483909 0 0 0 0 1 1 1 1
4.43293 -1.22338 1.00528 1.5542 -0.325123 1.79588 0 0 0 0 1 1 1 1
-2.91994 0.879547 -4.60905 -1.56854 -0.952101 -0.344198 0 0 0 0 1 1 1 1
2.03216 -1.63842 3.60808 -0.823681 -0.654576 1.34165 0 0 0 0 1 1 1 1
-4.94099 2.27871 0.301493 -0.91389 1.10821 1.97686 0 0 0 0 1 1 1 1
-0.888563 5.18816 1.74201 0.253199 0.0395332 0.130758 0 0 0 0 1 1 1 1
-2.62338 -1.79929 -4.4779 1.8114 -0.490564 -0.501923 0 0 0 0 1 1 1 1
3.40177 2.26213 -4.54232 -1.08689 -0.218893 -1.05381 0 0 0 0 1 1 1 1
3.16823 -1.1456 -2.34991 0.482739 1.91437 0.296794 0 0 0 0 1 1 1 1
-1.3742 -3.44144 -2.73604 1.01305 0.712092 -1.37261 0 0 0 0 1 1 1 1
-3.68204 0.743096 3.56968 -0.1102 0.884319 -1.76105 0 0 0 0 1 1 1 1
-0.591812 2.6721 -4.53211 2.41375 0.516704 -1.80622 0 0 0 0 1 1 1 1
-1.42287 -0.0380745 5.40202 -1.1346 1.28015 0.493255 0 0 0 0 1 1 1 1
4.86117 -0.584228 1.72034 0.946891 0.511244 1.25005 0 0 0 0 1 1 1 1
0.406335 2.54967 -3.72452 -0.796728 0.557446 0.0509536 0 0 0 0 1 1 1 1
3.12557 -3.6311 -0.505623 1.0809 -1.96581 0.904965 0 0 0 0 1 1 1 1
-1.18701 -4.25868 -5.57146 -1.29524 0.996778 -1.08148 0 0 0 0 1 1 1 1
1.39912 -1.97993 -2.00723 -0.401013 -0.706442 1.55139 0 0 0 0 1 1 1 1
-5.20376 1.84916 4.84355 2.04225 0.398424 -0.108544 0 0 0 0 1 1 1 1
2.43902 -5.21476 -2.89292 -0.603995 0.274382 -1.30359 0 0 0 0 1 1 1 1
3.07426 -4.76561 0.15528 -1.0178 0.877595 -2.54266 0 0 0 0 1 1 1 1
-1.48775 -1.74333 -1.72514 0.189863 0.500474 0.0891534 0 0 0 0 1 1 1 1
-0.847487 -1.78426 -0.512039 -0.337383 -0.438124 -0.544231 0 0 0 0 1 1 1 1
3.45821 -2.43222 -1.01891 -1.80617 1.41944 1.19625 0 0 0 0 1 1 1 1
3.5767 4.69417 1.81227 1.68902 0.409835 -0.992435 0 0 0 0 1 1 1 1
-3.44339 -2.36539 0.207949 1.4994 0.127463 -0.773078 0 0 0 0 1 1 1 1
0.844988 1.32078 -5.79462 -0.262739 0.449761 -1.24372 0 0 0 0 1 1 1 1
-5.67595 5.24747 -0.71579 -0.603496 1.07094 -1.28581 0 0 0 0 1 1 1 1
0.467902 4.50427 3.49391 -0.693669 1.45826 0.906641 0 0 0 0 1 1 1 1
4.70216 -1.94291 -3.46612 0.280611 0.572369 1.54971 0 0 0 0 1 1 1 1
-3.12782 -4.07495 -1.85809 0.743103 0.130978 -0.989141 0 0 0 0 1 1 1 1
-4.87747 -5.61527 -5.41111 -0.463212 0.400903 0.900453 0 0 0 0 1 1 1 1
1.62704 -0.489535 -1.34717 0.684304 -0.343499 0.891031 0 0 0 0 1 1 1 1
3.52453 3.12187 -1.97359 0.988556 0.273368 1.11166 0 0 0 0 1 1 1 1
-4.92934 1.55562 1.29729 0.712564 1.15952 -1.34325 0 0 0 0 1 1 1 1
-2.66648 2.57656 -4.0677 -0.76673 0.631582 0.418095 0 0 0 0 1 1 1 1
-3.42879 3.31166 1.44284 0.619484 2.44939 -0.572466 0 0 0 0 1 1 1 1
-1.53306 -4.36369 1.5825 -1.83459 -0.507689 -0.268966 0 0 0 0 1 1 1 1
1.77011 -3.90912 -3.81627 1.45761 -0.312622 0.659039 0 0 0 0 1 1 1 1
-1.67939 1.78836 3.28536 0.919102 -0.715568 -0.244183 0 0 0 0 1 1 1 1
-2.14123 -1.40631 -0.744572 -0.275013 -0.236929 0.281714 0 0 0 0 1 1 1 1
3.44393 1.43186 -1.25302 0.563075 -0.194355 -1.84613 0 0 0 0 1 1 1 1
-1.23351 -3.03862 -3.59935 0.871019 -0.396294 0.604321 0 0 0 0 1 1 1 1
-0.682128 -3.89122 1.59781 0.196358 -0.983089 0.723883 0 0 0 0 1 1 1 1
1.61555 -4.55268 -1.75949 -1.4728 0.0218333 1.79849 0 0 0 0 1 1 1 1
1.75416 1.13667 1.33988 -0.74539 -0.438409 1.26722 0 0 0 0 1 1 1 1
-5.82832 -3.46856 0.241124 -0.625618 0.138155 -1.05753 0 0 0 0 1 1 1 1
0.215976 0.368006 -5.7504 0.762402 -0.0274267 0.874821 0 0 0 0 1 1 1 1
-0.826542 2.30204 -1.85632 0.112849 -1.47525 -1.4497 0 0 0 0 1 1 1 1
-4.53076 -5.23848 4.42426 1.14472 -0.11785 1.4772 0 0 0 0 1 1 1 1
-5.01694 -3.00149 2.97286 -1.22961 0.395374 -0.498921 0 0 0 0 1 1 1 1
-5.75618 3.59374 4.25607 -1.54464 0.640088 1.29982 0 0 0 0 1 1 1 1
-2.87293 1.69382 3.48826 -0.0965258 -1.37705 0.235413 0 0 0 0 1 1 1 1
-5.77848 3.35945 1.6716 -1.60305 -0.158085 -0.128823 0 0 0 0 1 1 1 1
0.044578 -2.37752 0.0614017 -0.230982 1.08724 0.705 0 0 0 0 1 1 1 1
-2.91233 3.47516 4.82543 0.409888 -0.420741 -0.244833 0 0 0 0 1 1 1 1
0.189981 -5.67381 3.79104 -0.340622 -1.06646 -0.137691 0 0 0 0 1 1 1 1
-5.67756 3.99822 -1.13835 -0.621364 0.81751 0.829745 0 0 0 0 1 1 1 1
-3.96571 -5.33298 -5.08591 -0.225426 0.32482 -1.27139 0 0 0 0 1 1 1 1
1.90933 -4.55163 3.15385 2.13443 0.0929551 1.49707 0 0 0 0 1 1 1 1
3.78751 -1.54643 4.82545 0.163338 0.440964 0.951467 0 0 0 0 1 1 1 1
2.37228 -3.3828 3.31789 -1.49161 0.490815 1.15552 0 0 0 0 1 1 1 1
-5.46415 -0.485758 -2.36174 -0.766413 0.349756 0.23957 0 0 0 0 1 1 1 1
-2.33382 5.13863 1.53235 -0.703666 -0.357646 0.177648 0 0 0 0 1 1 1 1
-4.134 3.48377 4.31574 0.649111 0.750106 0.106241 0 0 0 0 1 1 1 1
-1.24106 -1.63329 -3.76028 -0.401063 -0.754492 -1.7908 0 0 0 0 1 1 1 1
4.09394 2.19719 -5.33432 -1.07339 -0.254275 -0.010932 0 0 0 0 1 1 1 1
3.02422 0.9622 3.22139 1.43759 -1.70157 1.56527 0 0 0 0 1 1 1 1
3.46887 -4.47247 5.58134 0.357105 -0.407794 -0.379136 0 0 0 0 1 1 1 1
2.03605 -0.524555 -2.21706 0.110692 -0.362931 1.38972 0 0 0 0 1 1 1 1
4.3078 -5.79519 -3.74949 0.626702 -0.0189719 0.157717 0 0 0 0 1 1 1 1
3.73145 0.170876 -1.61304 1.01366 0.925423 0.918687 0 0 0 0 1 1 1 1
-1.57433 -3.737 4.36305 -1.02075 -0.358674 0.706685 0 0 0 0 1 1 1 1
0.0385292 3.5746 4.48326 -0.136023 0.408866 -1.97216 0 0 0 0 1 1 1 1
-2.17111 3.08391 2.93136 -2.17139 -0.00331856 0.215514 0 0 0 0 1 1 1 1
1.50525 4.91233 3.8662 -0.0681292 0.389929 -1.478 0 0 0 0 1 1 1 1
-0.703344 -1.51312 -4.80541 1.06511 -0.0586364 -1.33152 0 0 0 0 1 1 1 1
-1.35184 4.99557 -3.50415 1.93299 0.318952 0.303404 0 0 0 0 1 1 1 1
0.279071 5.23832 -5.05735 -2.30454 0.424881 -0.814824 0 0 0 0 1 1 1 1
-1.64165 -5.45376 2.01278 -1.02534 0.561861 0.808466 0 0 0 0 1 1 1 1
3.11327 4.07427 1.01159 -0.208782 1.68961 0.171811 0 0 0 0 1 1 1 1
-4.36968 -3.56742 -6.27738 -1.29702 -1.11415 0.0452827 0 0 0 0 1 1 1 1
-4.20332 -4.66403 -1.68037 -0.509628 1.59493 0.829838 0 0 0 0 1 1 1 1
-5.86479 0.559371 0.911012 -0.0732341 -0.767932 -0.438622 0 0 0 0 1 1 1 1
2.10686 -1.52856 -1.20891 -0.565383 0.136089 -0.308105 0 0 0 0 1 1 1 1
-1.7844 5.0531 2.59374 -0.127947 0.324811 0.9703 0 0 0 0 1 1 1 1
1.01076 2.62454 -1.28988 0.434135 -0.282387 -0.668211 0 0 0 0 1 1 1 1
-5.03868 3.84058 2.45712 -0.124803 1.64341 -0.270013 0 0 0 0 1 1 1 1
0.644379 -3.16181 3.90444 0.842087 0.564215 0.721317 0 0 0 0 1 1 1 1
-0.942784 0.492286 -2.45 -2.29988 -0.321412 -0.378357 0 0 0 0 1 1 1 1
2.96164 -0.0311341 1.63279 0.830727 -1.29446 0.336142 0 0 0 0 1 1 1 1
-2.35235 -3.95462 -0.31172 -1.28975 -0.135265 -0.49469 0 0 0 0 1 1 1 1
0.467577 -3.92695 -2.92018 0.473968 -1.29662 0.0666358 0 0 0 0 1 1 1 1
-5.17987 -6.19042 -2.51012 0.444123 0.168941 2.14264 0 0 0 0 1 1 1 1
-3.87976 -5.74338 2.84309 -0.494993 -0.122994 -0.266474 0 0 0 0 1 1 1 1
-0.858009 0.177496 1.89764 0.207057 -0.70425 -0.270941 0 0 0 0 1 1 1 1
-4.39613 3.87073 1.55905 1.55386 0.55129 1.62771 0 0 0 0 1 1 1 1
2.9649 -1.45346 -5.82721 -0.28474 0.990699 2.13052 0 0 0 0 1 1 1 1
3.15497 4.59474 -0.518259 1.0196 -1.72217 -1.11268 0 0 0 0 1 1 1 1
3.43724 -0.231516 -2.55195 -0.834745 0.0233709 -1.32253 0 0 0 0 1 1 1 1
3.24983 0.843089 -2.21497 0.227887 0.630805 0.486622 0 0 0 0 1 1 1 1
-5.6913 -2.21436 5.14314 0.708334 -0.885404 0.645472 0 0 0 0 1 1 1 1
4.54159 -4.48894 -5.25498 1.41268 -0.241606 1.02353 0 0 0 0 1 1 1 1
3.63469 3.77161 5.45088 0.557193 -0.115282 0.810303 0 0 0 0 1 1 1 1
5.50546 -2.33091 -0.272833 -1.9976 -0.358798 0.473547 0 0 0 0 1 1 1 1
0.135016 1.8571 3.6838 -0.230956 -0.0765351 0.562307 0 0 0 0 1 1 1 1
-1.82476 4.12445 3.5004 -0.371237 1.08649 -0.111963 0 0 0 0 1 1 1 1
-0.775008 2.86492 3.25639 1.97456 -0.525735 0.484086 0 0 0 0 1 1 1 1
2.10404 4.41207 3.12705 1.96574 0.94918 1.80885 0 0 0 0 1 1 1 1
-3.74323 -0.477967 -5.93397 0.0837671 -0.683947 0.334657 0 0 0 0 1 1 1 1
-2.66731 -2.58007 -0.451305 -1.00122 -0.548542 -0.119515 0 0 0 0 1 1 1 1
-1.58885 -2.16163 0.276835 -0.208682 -1.76184 -0.47206 0 0 0 0 1 1 1 1
1.75781 -0.998361 -4.45182 0.97947 0.219142 -0.15515 0 0 0 0 1 1 1 1
-2.58855 -5.18212 1.26409 -0.606201 0.635445 -0.120844 0 0 0 0 1 1 1 1
-3.7038 -2.10443 -1.86205 -0.142349 -0.862214 -1.58407 0 0 0 0 1 1 1 1
4.93001 -4.19212 -4.33845 0.509754 -0.0607289 0.250974 0 0 0 0 1 1 1 1
-2.8831 5.0706 -2.66703 -1.76558 0.606234 2.05547 0 0 0 0 1 1 1 1
-3.2047 -2.03387 -3.63471 -0.506193 -0.210818 -0.370527 0 0 0 0 1 1 1 1
2.94024 -1.67459 -0.253675 -0.2545 -0.979538 -0.129636 0 0 0 0 1 1 1 1
3.90402 2.18083 -1.69948 1.32859 0.386987 0.324715 0 0 0 0 1 1 1 1
1.23124 4.67669 1.48072 -0.124852 0.992443 -0.134439 0 0 0 0 1 1 1 1
-4.06979 5.53746 -2.24256 1.13245 1.07561 -0.39823 0 0 0 0 1 1 1 1
1.76582 0.0126224 1.62738 -0.75065 -1.03557 -0.106773 0 0 0 0 1 1 1 1
4.9842 -1.27442 -0.49027 1.74075 -1.32079 -1.33132 0 0 0 0 1 1 1 1
2.08945 3.44626 -5.89957 0.245259 -1.00012 -0.288948 0 0 0 0 1 1 1 1
-4.62753 2.55598 -0.788113 -0.264282 0.880827 0.00725686 0 0 0 0 1 1 1 1
-2.13525 -2.19433 -3.41676 -0.0126701 1.10317 0.0694203 0 0 0 0 1 1 1 1
-4.22349 -5.57176 -0.321612 1.08318 -1.07266 -1.2393 0 0 0 0 1 1 1 1
-4.10764 -2.28781 3.31044 2.16955 1.34578 1.08171 0 0 0 0 1 1 1 1
0.91961 3.57663 1.38698 0.522777 -0.24685 0.3961 0 0 0 0 1 1 1 1
-0.0598336 -1.12317 -0.86795 0.981718 0.699853 0.374382 0 0 0 0 1 1 1 1
1.84564 4.34862 -3.01425 -0.621518 -1.79491 0.138765 0 0 0 0 1 1 1 1
3.47101 -2.58769 4.48025 -0.896235 0.281245 0.096903 0 0 0 0 1 1 1 1
5.20453 5.25187 1.22487 -0.864915 1.49923 0.533798 0 0 0 0 1 1 1 1
-1.41128 -4.71347 3.83556 0.601456 0.415215 0.79646 0 0 0 0 1 1 1 1
-4.26485 -2.66623 -2.60555 -1.49882 -0.143776 1.54948 0 0 0 0 1 1 1 1
-4.78392 -4.87234 0.564554 -0.400434 0.221084 -0.618833 0 0 0 0 1 1 1 1
-5.15124 3.93846 -3.53692 -0.183631 -1.01763 0.472041 0 0 0 0 1 1 1 1
-3.41447 4.2399 2.04442 -0.0244508 0.170791 -0.833719 0 0 0 0 1 1 1 1
-5.23147 -1.42684 -3.97754 -1.1976 1.52763 0.236705 0 0 0 0 1 1 1 1
4.63306 1.45265 -0.969144 -1.46904 1.21505 0.854126 0 0 0 0 1 1 1 1
3.21246 -5.74436 -6.17884 1.31538 -0.96165 0.293018 0 0 0 0 1 1 1 1
-1.17344 0.94146 2.62024 4.12046e-05 -0.264897 0.596667 0 0 0 0 1 1 1 1
1.63708 -3.47604 -0.661108 0.5144 -0.199613 1.37761 0 0 0 0 1 1 1 1
-6.14762 4.34893 -6.41797 -0.808178 1.14842 0.577636 0 0 0 0 1 1 1 1
0.20699 3.79077 -4.75949 -1.56204 0.196074 -0.558738 0 0 0 0 1 1 1 1
2.75449 2.07776 -1.78068 1.05869 -0.545934 -2.43939 0 0 0 0 1 1 1 1
2.90644 -1.76442 4.35289 2.18508 0.758807 1.80779 0 0 0 0 1 1 1 1
4.53827 -2.85144 0.166603 0.484101 0.87115 1.3251 0 0 0 0 1 1 1 1
-1.83995 3.21884 -1.62679 0.879558 1.17147 0.154375 0 0 0 0 1 1 1 1
-2.81481 -0.743144 2.35963 0.582519 0.615661 -0.106459 0 0 0 0 1 1 1 1
1.68074 -3.68447 4.84134 0.552833 1.18672 1.178 0 0 0 0 1 1 1 1
-5.51768 -0.442067 0.986806 -1.69208 -0.765598 -1.16313 0 0 0 0 1 1 1 1
1.13506 1.82111 -1.91416 1.53226 1.60471 0.389355 0 0 0 0 1 1 1 1
-0.599537 4.10544 -1.07057 -0.13724 -0.999904 1.08387 0 0 0 0 1 1 1 1
-4.9063 -2.86904 -4.46851 -1.33309 2.04661 -1.35599 0 0 0 0 1 1 1 1
-0.790576 4.85321 -5.34198 -0.0541827 -0.175335 2.76734 0 0 0 0 1 1 1 1
2.03498 2.90228 -1.49318 0.198179 -0.588675 0.149014 0 0 0 0 1 1 1 1
-3.68219 -4.91348 -2.75907 0.740022 -0.720943 0.625644 0 0 0 0 1 1 1 1
3.46019 -2.62173 -0.0923762 -1.01631 1.53198 -0.509981 0 0 0 0 1 1 1 1
-2.49801 4.70483 -0.766002 -0.194202 -0.226455 -1.56533 0 0 0 0 1 1 1 1
2.63824 -3.66851 -4.59075 -0.890698 -0.0595627 -0.0486692 0 0 0 0 1 1 1 1
3.78066 -0.627298 2.52081 -0.626079 0.408037 0.401208 0 0 0 0 1 1 1 1
0.880119 -0.630744 0.819925 0.325234 -2.05454 0.0461484 0 0 0 0 1 1 1 1
-5.6249 3.14307 -0.562347 -0.644576 0.0623125 0.396921 0 0 0 0 1 1 1 1
3.03101 1.36104 -4.92661 -0.42414 1.60665 1.43187 0 0 0 0 1 1 1 1
2.32833 -3.92936 0.18486 -1.60616 1.23414 -2.15094 0 0 0 0 1 1 1 1
1.63715 -6.17445 -4.78644 1.08534 -0.321419 -0.711305 0 0 0 0 1 1 1 1
3.07716 2.73792 -0.953899 -0.048256 -0.322845 -0.725466 0 0 0 0 1 1 1 1
3.8839 1.99704 -0.510431 -0.373613 0.834177 -1.11 0 0 0 0 1 1 1 1
-3.25323 5.34355 2.05121 0.536065 1.13952 -0.939093 0 0 0 0 1 1 1 1
-0.479986 3.93574 0.26431 -0.318244 -0.942185 -0.535628 0 0 0 0 1 1 1 1
-0.413732 5.08651 2.80412 1.02605 -0.374929 0.718201 0 0 0 0 1 1 1 1
-3.67173 -5.20876 -3.9998 -1.95286 -0.550327 -0.463686 0 0 0 0 1 1 1 1
0.496667 -2.0883 2.10436 -1.22452 -0.31003 -1.57617 0 0 0 0 1 1 1 1
-4.64782 0.621595 1.20798 1.18461 -1.16508 1.39 0 0 0 0 1 1 1 1
1.44305 -5.7114 -2.62677 1.70312 0.762391 -0.749486 0 0 0 0 1 1 1 1
-0.230798 -1.91755 3.61102 0.677901 -0.156942 -0.611485 0 0 0 0 1 1 1 1
0.392127 -1.51011 1.04445 -0.0752148 2.2509 -0.152431 0 0 0 0 1 1 1 1
-0.189826 -0.530887 1.25488 0.617764 0.084094 0.684271 0 0 0 0 1 1 1 1
-1.13867 -5.23617 -3.63941 -0.0333506 0.343528 -1.26905 0 0 0 0 1 1 1 1
-2.31606 -2.25751 4.90362 -0.91756 0.0698533 0.353368 0 0 0 0 1 1 1 1
3.79756 -2.79605 -2.77716 -0.801549 1.36091 -0.816301 0 0 0 0 1 1 1 1
-5.70236 -5.12774 4.82866 0.00873986 -1.37885 0.360188 0 0 0 0 1 1 1 1
-0.203152 2.44419 5.06517 -0.546897 0.132146 0.155514 0 0 0 0 1 1 1 1
0.232925 2.33865 -5.06078 0.289365 0.0159357 -1.06682 0 0 0 0 1 1 1 1
0.752929 2.00674 2.04381 -1.00615 0.11043 0.989719 0 0 0 0 1 1 1 1
-3.5864 0.289743 1.30723 -1.61038 -0.977937 -0.0890602 0 0 0 0 1 1 1 1
1.4954 1.34664 -3.23442 0.015842 -1.40149 0.343311 0 0 0 0 1 1 1 1
-5.45943 -3.40304 1.2203 -0.970943 -1.49985 0.37607 0 0 0 0 1 1 1 1
-2.63936 -5.42165 2.68187 -0.485507 1.01533 -2.98715 0 0 0 0 1 1 1 1
0.509397 2.49369 -0.163491 -0.191628 -1.05496 -0.0545682 0 0 0 0 1 1 1 1
-1.87128 3.33496 0.571805 -0.713968 -0.991065 1.54811 0 0 0 0 1 1 1 1
4.97485 -4.46326 -1.7995 -1.121 -0.695065 -0.315071 0 0 0 0 1 1 1 1
2.97669 0.511069 -5.79047 -1.14676 1.49446 -0.918475 0 0 0 0 1 1 1 1
-2.28079 0.601051 -1.58762 -0.661322 0.233109 0.231701 0 0 0 0 1 1 1 1
-1.68099 -2.84328 -1.08246 1.32155 1.54574 -2.03916 0 0 0 0 1 1 1 1
-2.53206 1.47559 0.756543 0.672013 1.40446 0.391992 0 0 0 0 1 1 1 1
2.13721 1.98769 2.32461 -0.19734 -0.687978 -0.854778 0 0 0 0 1 1 1 1
3.46576 -5.32521 2.91311 -0.786306 1.00609 -2.06713 0 0 0 0 1 1 1 1
1.58852 -4.61699 0.16786 -0.178934 -0.663602 0.979942 0 0 0 0 1 1 1 1
1.70947 -1.38404 0.692376 -0.620014 0.868266 0.270884 0 0 0 0 1 1 1 1
-5.65868 -3.8281 -1.72251 -0.482525 -0.163307 0.460908 0 0 0 0 1 1 1 1
-2.92043 1.98224 -0.201043 0.476869 -1.28669 -0.46593 0 0 0 0 1 1 1 1
3.52138 -2.06576 -3.36174 1.09502 0.172275 0.563642 0 0 0 0 1 1 1 1
-0.809071 -0.215904 4.39791 -0.827443 0.378449 -1.16576 0 0 0 0 1 1 1 1
4.95941 1.27847 -6.02412 1.78766 0.612219 -0.225808 0 0 0 0 1 1 1 1
-5.24304 4.03515 -2.55457 1.66517 -1.37689 -0.128285 0 0 0 0 1 1 1 1
-3.75098 2.29784 1.51842 0.960773 0.10603 -1.92509 0 0 0 0 1 1 1 1
-0.783156 0.991705 4.95677 0.839628 1.06143 -0.524734 0 0 0 0 1 1 1 1
-4.07174 4.36488 -2.78364 0.457065 0.708025 0.0741905 0 0 0 0 1 1 1 1
-1.54781 6.00401 -2.63292 -0.324634 0.745958 -1.69047 0 0 0 0 1 1 1 1
-1.44122 4.01527 -0.13827 0.409041 -1.68708 -0.897508 0 0 0 0 1 1 1 1
-2.58006 -3.54054 -2.54517 0.793436 1.4835 1.09527 0 0 0 0 1 1 1 1
3.82109 0.715642 -0.667579 -0.968898 0.573639 -1.28256 0 0 0 0 1 1 1 1
0.400914 -1.67736 -3.87873 1.53188 -2.59091 -0.226117 0 0 0 0 1 1 1 1
-1.54449 1.54934 -0.449575 0.183084 -0.718939 -0.599621 0 0 0 0 1 1 1 1
-2.96802 -0.584913 -4.76613 0.374251 -0.749732 0.435036 0 0 0 0 1 1 1 1
1.6931 3.77288 -0.0577728 -1.2497 0.83145 -0.143062 0 0 0 0 1 1 1 1
-5.9802 -3.09485 -0.965134 -0.0480558 -0.787879 0.850803 0 0 0 0 1 1 1 1
1.0551 -1.8905 4.94387 -1.31773 -1.08279 -0.509746 0 0 0 0 1 1 1 1
2.9694 -3.10441 0.671063 0.601898 -0.948728 -0.308653 0 0 0 0 1 1 1 1
-2.40637 4.20817 2.39304 -0.12823 -1.27057 -0.499123 0 0 0 0 1 1 1 1
-3.84301 -1.07735 2.03524 -0.995659 -0.228868 -0.754208 0 0 0 0 1 1 1 1
-2.77938 -3.05283 -1.52928 -0.915521 -1.29487 -1.4262 0 0 0 0 1 1 1 1
-4.01896 -4.46492 -5.65595 -1.81435 0.247647 -1.31257 0 0 0 0 1 1 1 1
1.26893 -2.56972 3.264 -0.472467 -0.631103 0.909042 0 0 0 0 1 1 1 1
-4.84091 -4.93929 -4.6887 -1.25634 0.27871 -0.860849 0 0 0 0 1 1 1 1
2.16771 -2.38667 -0.351687 0.602279 -0.927983 -1.55834 0 0 0 0 1 1 1 1
-4.52396 -2.14297 2.26832 -0.32337 -1.04851 0.846331 0 0 0 0 1 1 1 1
2.33829 2.4182 -4.09179 1.6341 -0.0158326 0.490176 0 0 0 0 1 1 1 1
-3.82379 -0.465948 -3.75074 1.18284 1.22307 -0.341928 0 0 0 0 1 1 1 1
1.30104 -1.09366 -5.55688 1.76034 -0.458524 1.56399 0 0 0 0 1 1 1 1
-1.01084 -3.63244 -1.04494 -1.57227 0.50364 -0.976005 0 0 0 0 1 1 1 1
3.80632 3.3377 -5.03309 0.431497 -0.547848 -1.30138 0 0 0 0 1 1 1 1
3.40571 -0.967263 1.58684 0.434455 -0.953595 -1.5332 0 0 0 0 1 1 1 1
-0.786326 -0.936398 3.48541 -0.569124 -1.16571 0.00270591 0 0 0 0 1 1 1 1
-1.14836 -1.99995 4.25907 0.0840515 0.596727 1.30725 0 0 0 0 1 1 1 1
-3.21282 -5.30242 0.158731 0.23691 0.21623 2.37885 0 0 0 0 1 1 1 1
4.93936 -5.23787 2.55131 -0.1437 1.36518 -1.7468 0 0 0 0 1 1 1 1
4.76404 3.8012 -5.13634 -0.633925 1.88707 2.03869 0 0 0 0 1 1 1 1
-2.91469 0.649373 0.355808 0.436613 0.294774 1.41796 0 0 0 0 1 1 1 1
3.68847 -4.14604 4.35885 -2.65382 -0.993363 -0.22643 0 0 0 0 1 1 1 1
-3.78826 -1.43236 0.412479 -1.36115 -0.772127 -0.60413 0 0 0 0 1 1 1 1
2.87646 1.84245 4.39885 -1.14329 0.498321 0.968819 0 0 0 0 1 1 1 1
-1.24892 0.199033 -1.39057 -1.73406 -0.574433 -1.00009 0 0 0 0 1 1 1 1
-3.08324 -5.70105 4.7489 -0.372611 -1.55555 0.512097 0 0 0 0 1 1 1 1
-4.9809 0.391431 2.9412 1.30142 -0.198754 1.32178 0 0 0 0 1 1 1 1
-2.0839 -5.42118 5.36709 0.726318 -0.354114 0.995772 0 0 0 0 1 1 1 1
-0.191887 -4.63481 -4.02494 -0.010597 0.679683 1.4047 0 0 0 0 1 1 1 1
3.68242 1.18131 0.932201 -0.90706 0.829628 1.81998 0 0 0 0 1 1 1 1
0.017793 2.29284 2.80057 -0.186748 0.903888 0.0437288 0 0 0 0 1 1 1 1
-4.71309 3.03458 -3.08999 -0.610053 -1.47583 -0.817261 0 0 0 0 1 1 1 1
-3.7065 -3.88141 -2.80243 0.565825 -1.88375 -0.676937 0 0 0 0 1 1 1 1
-5.58711 -1.20404 0.161693 -0.721907 0.242909 -1.24287 0 0 0 0 1 1 1 1
1.85274 1.94024 -1.09288 0.298051 -0.56486 -1.34304 0 0 0 0 1 1 1 1
2.53501 1.58862 0.713914 -0.068629 1.07414 1.36425 0 0 0 0 1 1 1 1
1.6682 -5.5155 -0.531291 0.441003 0.90212 0.912045 0 0 0 0 1 1 1 1
1.40193 -6.13211 -6.24674 1.61393 -1.54933 -3.10352 0 0 0 0 1 1 1 1
2.14133 1.45464 -5.64169 0.485661 -0.709094 -0.281712 0 0 0 0 1 1 1 1
-3.66863 -3.52881 -0.0296244 0.212135 0.832336 -0.334204 0 0 0 0 1 1 1 1
3.37315 -2.86527 2.86175 0.850144 -0.739534 -1.01554 0 0 0 0 1 1 1 1
1.97772 -1.60399 5.01249 0.292632 -1.70727 1.67671 0 0 0 0 1 1 1 1
2.58447 0.925547 -1.191 -1.75572 0.57458 -0.639679 0 0 0 0 1 1 1 1
-1.16777 1.02828 -3.48162 -0.0872385 -0.979136 1.41257 0 0 0 0 1 1 1 1
4.72806 -2.09714 -5.39707 0.166957 -0.516189 -0.294621 0 0 0 0 1 1 1 1
1.16335 4.50912 -3.99688 0.512247 -2.0731 0.257148 0 0 0 0 1 1 1 1
-6.2989 0.113315 2.84781 0.294428 0.317321 -0.207053 0 0 0 0 1 1 1 1
-2.43239 -0.52325 -1.78189 -0.752338 1.6695 1.83268 0 0 0 0 1 1 1 1
-0.309223 -4.36768 -0.670929 -1.34825 -0.576976 -0.286345 0 0 0 0 1 1 1 1
-1.98179 2.09429 -1.97556 -0.0759195 1.51271 0.589797 0 0 0 0 1 1 1 1
-4.07914 4.32475 -4.11002 0.589542 0.881362 0.193766 0 0 0 0 1 1 1 1
-3.60775 -2.61153 2.40923 0.742527 -0.542619 -0.386816 0 0 0 0 1 1 1 1
2.3601 -5.49378 -4.30457 1.03512 -0.548571 -1.29429 0 0 0 0 1 1 1 1
-2.40928 0.0788724 5.66772 1.03865 1.05977 -0.927753 0 0 0 0 1 1 1 1
1.66349 0.504039 -1.77612 -0.231589 -0.455983 -0.313932 0 0 0 0 1 1 1 1
-3.97566 -4.4438 2.35275 -0.58419 -0.309097 -0.515054 0 0 0 0 1 1 1 1
5.1967 2.39707 4.94329 0.27525 -1.56933 0.790351 0 0 0 0 1 1 1 1
-3.06411 3.12411 -0.889887 0.936763 0.40894 0.492327 0 0 0 0 1 1 1 1
1.25118 3.74263 3.81175 0.0989283 -1.37141 -0.314826 0 0 0 0 1 1 1 1
2.19237 -1.76999 -5.14364 -0.955826 1.25664 0.206338 0 0 0 0 1 1 1 1
0.330962 3.34837 -1.67887 -0.81878 0.593409 -0.621886 0 0 0 0 1 1 1 1
4.30962 2.79186 -0.147658 0.524675 0.0102072 0.0421373 0 0 0 0 1 1 1 1
1.85174 3.88414 -1.24865 0.725873 1.30539 -0.204672 0 0 0 0 1 1 1 1
4.44239 -2.98935 -1.80278 0.248081 -0.0560163 -1.03229 0 0 0 0 1 1 1 1
2.41353 2.35445 -3.11445 0.817214 0.49264 0.481002 0 0 0 0 1 1 1 1
-5.87124 -6.39236 2.23111 -2.05147 -1.66558 -0.897979 0 0 0 0 1 1 1 1
-3.17583 2.93847 2.98362 -1.87751 1.29138 -0.176609 0 0 0 0 1 1 1 1
1.37625 -2.38443 -4.26712 -0.324778 -0.436663 1.73922 0 0 0 0 1 1 1 1
-0.855265 3.12074 -3.11479 0.565111 -0.873643 -0.34738 0 0 0 0 1 1 1 1
0.575527 -1.5392 -4.97401 -0.356968 -1.09754 -0.902505 0 0 0 0 1 1 1 1
3.33297 -0.326258 -4.59273 0.865437 0.0754336 1.21391 0 0 0 0 1 1 1 1
1.37245 -3.36285 -4.63862 -0.820684 0.263781 -0.553502 0 0 0 0 1 1 1 1
0.0546917 -0.977126 0.111099 1.89638 0.917281 1.46167 0 0 0 0 1 1 1 1
-0.713379 3.96686 3.33393 0.742197 -0.771492 0.335739 0 0 0 0 1 1 1 1
-0.202115 -2.36986 -5.69347 -1.05639 -1.01341 -1.12078 0 0 0 0 1 1 1 1
-1.66972 -2.56768 -4.44832 -1.50837 0.227757 0.304092 0 0 0 0 1 1 1 1
-4.43777 -1.80516 -4.6555 0.38169 -1.65297 0.738131 0 0 0 0 1 1 1 1
-4.92732 -2.66689 0.155105 2.11661 -0.870514 0.233849 0 0 0 0 1 1 1 1
-0.204768 -4.68274 -5.18803 0.682457 1.36057 -0.0333593 0 0 0 0 1 1 1 1
-0.53836 -0.330298 -0.402894 0.410149 -1.58223 1.40937 0 0 0 0 1 1 1 1
-3.50729 -0.715829 -0.432872 0.624722 -1.05217 -0.456911 0 0 0 0 1 1 1 1
-5.58337 -1.76562 -5.01923 0.746939 -0.16848 1.46097 0 0 0 0 1 1 1 1
-1.21034 -0.512919 0.975082 1.81131 -0.186442 -1.4041 0 0 0 0 1 1 1 1
-3.19126 2.65919 4.09703 0.141997 1.5813 0.0762491 0 0 0 0 1 1 1 1
1.6312 0.508172 3.96869 1.23965 -1.20711 -1.75689 0 0 0 0 1 1 1 1
-1.07946 1.6753 4.14409 0.993416 0.940426 -0.0418729 0 0 0 0 1 1 1 1
2.8202 0.523428 -4.40852 1.14553 -0.0854746 -0.187436 0 0 0 0 1 1 1 1
-1.71239 3.39488 -6.15351 0.467718 -0.841234 -1.06779 0 0 0 0 1 1 1 1
2.85888 -1.14719 -4.61045 0.502765 0.717874 -0.751171 0 0 0 0 1 1 1 1
1.03357 -3.18168 -3.52131 -1.11354 0.843145 0.175724 0 0 0 0 1 1 1 1
-2.56152 0.631215 2.42381 0.798841 0.866027 0.383439 0 0 0 0 1 1 1 1
4.48541 -1.65578 2.67057 0.596537 -1.08891 -0.455004 0 0 0 0 1 1 1 1
1.04621 -4.90372 2.81994 0.439134 -0.33448 -0.00367974 0 0 0 0 1 1 1 1
-4.65772 -3.39681 -3.42617 -0.199771 -0.42896 1.19436 0 0 0 0 1 1 1 1
4.22919 2.02324 4.68358 0.187107 0.0670683 -0.240467 0 0 0 0 1 1 1 1
-1.46364 1.28896 -5.49558 -1.15383 1.59399 0.839576 0 0 0 0 1 1 1 1
2.80459 -2.5296 -2.75921 1.8966 1.84335 1.85485 0 0 0 0 1 1 1 1
-2.49692 1.62163 -5.14751 1.01324 0.189188 -0.220135 0 0 0 0 1 1 1 1
-4.59943 -1.85539 -0.417097 0.861625 0.0174999 -0.852705 0 0 0 0 1 1 1 1
1.85274 -3.04459 -2.67792 0.775004 1.39703 1.18428 0 0 0 0 1 1 1 1
3.47345 -5.84048 4.20668 -0.933837 0.92373 -1.05278 0 0 0 0 1 1 1 1
4.42594 -3.27786 -3.61595 -0.672002 -0.295887 1.80052 0 0 0 0 1 1 1 1
-6.25684 0.0762178 4.87776 0.0111882 -0.302846 -0.859637 0 0 0 0 1 1 1 1
-4.56051 -5.89604 -4.31221 -1.04104 0.848406 1.66754 0 0 0 0 1 1 1 1
4.37788 0.312723 -5.53114 -0.32124 1.2674 1.63187 0 0 0 0 1 1 1 1
-4.62575 -5.90976 0.546478 0.374214 -1.13548 -1.82869 0 0 0 0 1 1 1 1
4.50639 -2.25084 -0.903675 1.01099 -0.853839 1.89568 0 0 0 0 1 1 1 1
-5.68374 2.88128 -3.94837 -0.0867617 1.51821 -0.700318 0 0 0 0 1 1 1 1
4.00077 -5.48413 5.78081 -1.2014 -0.0292832 1.13084 0 0 0 0 1 1 1 1
-3.61544 1.51346 0.809963 1.92227 0.0178904 -0.161692 0 0 0 0 1 1 1 1
2.45809 -3.91835 -3.13063 -0.0332095 -2.66262 -0.964502 0 0 0 0 1 1 1 1
-2.65735 -4.15116 -4.4653 -0.159479 -0.778086 1.68548 0 0 0 0 1 1 1 1
3.78961 4.59791 -5.35049 0.776002 0.290462 -0.186639 0 0 0 0 1 1 1 1
-5.71081 1.24917 -1.36892 0.962308 -0.863526 2.26379 0 0 0 0 1 1 1 1
2.27612 -6.76471 -4.21151 -0.630692 -0.043311 2.7899 0 0 0 0 1 1 1 1
-0.747032 -4.74548 2.46782 0.0501817 -0.516709 1.03934 0 0 0 0 1 1 1 1
-3.17763 3.93793 -2.5957 -1.55238 0.0764907 -0.214603 0 0 0 0 1 1 1 1
-0.192338 -1.25769 -1.98263 0.979122 3.25108 0.218387 0 0 0 0 1 1 1 1
3.46956 1.73968 2.07973 1.29705 0.281856 0.438901 0 0 0 0 1 1 1 1
-3.81003 3.78015 0.445997 0.303105 2.15979 0.359521 0 0 0 0 1 1 1 1
-4.68407 -4.13883 -2.46981 0.351159 0.107999 -0.0515234 0 0 0 0 1 1 1 1
0.224771 -5.07213 1.02068 -1.78719 -0.564682 -0.321057 0 0 0 0 1 1 1 1
-2.03148 2.24298 1.27324 0.557723 0.190238 3.01671 0 0 0 0 1 1 1 1
2.33458 2.56294 -5.0987 1.61505 -0.539019 0.0142121 0 0 0 0 1 1 1 1
-5.84442 -0.308952 -4.31275 0.742951 -0.396799 -0.284728 0 0 0 0 1 1 1 1
0.870787 -1.76693 0.204934 2.58062 -0.638385 -0.638395 0 0 0 0 1 1 1 1
2.52754 -4.48867 4.42133 0.287996 0.964676 -0.797532 0 0 0 0 1 1 1 1
-3.51767 -1.83354 -0.67321 0.375328 0.647559 0.815288 0 0 0 0 1 1 1 1
-0.0227206 -5.59877 -3.13605 -0.563688 0.475626 0.461112 0 0 0 0 1 1 1 1
-2.96404 -0.988787 -3.37734 -0.792086 0.729291 -2.40169 0 0 0 0 1 1 1 1
-3.79175 2.31549 -3.2945 -0.109473 1.53373 0.699615 0 0 0 0 1 1 1 1
-2.65457 -5.18643 -2.33862 -2.88246 0.598472 1.08108 0 0 0 0 1 1 1 1
-4.64459 -5.90491 -1.22063 0.537239 0.200044 0.705549 0 0 0 0 1 1 1 1
-2.15565 0.45232 1.07226 -0.00466864 -1.15342 -0.345726 0 0 0 0 1 1 1 1
-1.8431 -0.898584 -3.24759 0.467452 -1.39654 1.47688 0 0 0 0 1 1 1 1
-2.57803 -6.09426 0.574031 1.61524 -0.360745 0.494069 0 0 0 0 1 1 1 1
2.61065 0.982539 2.14161 0.0192405 -1.65641 0.737754 0 0 0 0 1 1 1 1
-0.429541 1.16072 1.2387 0.0119066 -0.147196 1.17816 0 0 0 0 1 1 1 1
-3.44309 -1.23746 3.09729 -0.97106 0.663441 0.317327 0 0 0 0 1 1 1 1
0.693839 5.19005 2.60479 1.10994 0.533868 0.68432 0 0 0 0 1 1 1 1
2.09707 -4.03423 -5.48897 1.27763 0.231084 0.370325 0 0 0 0 1 1 1 1
0.778617 -4.61699 3.89277 -1.07228 -0.509972 1.74346 0 0 0 0 1 1 1 1
-3.75317 -0.375239 0.470821 -1.04572 -1.4658 0.236972 0 0 0 0 1 1 1 1
-5.48837 2.18459 2.05359 -0.110305 0.0185486 0.576827 0 0 0 0 1 1 1 1
-4.09567 2.87025 -0.0653273 0.336864 0.286688 -0.998859 0 0 0 0 1 1 1 1
2.80757 1.40985 -0.316368 1.0641 -1.98157 0.442216 0 0 0 0 1 1 1 1
-2.8627 -2.44085 -2.57748 -0.584323 1.07103 0.97112 0 0 0 0 1 1 1 1
2.16237 4.91024 -1.10105 0.0445417 -0.341741 -0.742811 0 0 0 0 1 1 1 1
-1.42971 -0.588801 -2.20386 0.948075 -1.28193 0.727479 0 0 0 0 1 1 1 1
3.28324 -2.83398 -4.84826 -0.711974 -0.648287 -1.06405 0 0 0 0 1 1 1 1
3.17516 2.84233 5.4939 0.300089 -0.900516 -0.513217 0 0 0 0 1 1 1 1
-1.76098 1.18228 -4.55919 0.552568 -2.05067 0.335598 0 0 0 0 1 1 1 1
-0.996371 -1.4562 5.26229 -0.0298781 -0.633821 -0.803566 0 0 0 0 1 1 1 1
4.67402 -3.22959 3.89788 -0.833386 1.74614 -1.763 0 0 0 0 1 1 1 1
0.346677 -3.59739 -4.17895 1.12489 0.526912 -0.504117 0 0 0 0 1 1 1 1
3.76224 -0.799663 3.6015 1.20205 -0.629481 0.870224 0 0 0 0 1 1 1 1
-3.26555 4.64619 0.0109124 -0.908382 -0.381493 1.86498 0 0 0 0 1 1 1 1
-5.83374 -2.40725 -4.09022 0.0363513 0.984963 -1.46761 0 0 0 0 1 1 1 1
3.24717 0.758666 -3.22654 -0.225306 -0.258974 -0.00558175 0 0 0 0 1 1 1 1
-4.57179 4.45434 0.648079 0.114785 0.395522 -2.4093 0 0 0 0 1 1 1 1
4.84551 5.15524 -0.0890616 -2.29094 -0.644045 0.766849 0 0 0 0 1 1 1 1
-0.611563 -1.54079 1.06387 0.633907 0.401859 0.643106 0 0 0 0 1 1 1 1
-1.44494 1.41149 -1.43412 -0.718668 0.316929 0.923112 0 0 0 0 1 1 1 1
-0.433998 1.15134 -1.49779 0.824099 1.45377 1.56175 0 0 0 0 1 1 1 1
-0.847639 -2.59402 0.751073 -1.52155 -0.263834 1.28341 0 0 0 0 1 1 1 1
-4.92266 -1.6249 -2.76206 1.02303 0.463175 1.73599 0 0 0 0 1 1 1 1
-5.48993 -3.76259 -4.01731 -0.414194 0.0837366 0.154352 0 0 0 0 1 1 1 1
-4.13636 -3.54987 -1.77834 0.300626 -0.393494 0.373543 0 0 0 0 1 1 1 1
-0.530184 -4.88456 5.06296 -1.16446 -1.34141 1.23881 0 0 0 0 1 1 1 1
-1.19862 -4.85551 -1.53181 0.26266 -0.410091 -0.200336 0 0 0 0 1 1 1 1
4.91432 -5.38601 -2.41493 2.32199 0.415264 -1.32038 0 0 0 0 1 1 1 1
-4.89842 1.49488 -2.48209 0.110586 -1.89396 -1.80194 0 0 0 0 1 1 1 1
3.35671 3.84137 3.43914 0.656914 0.195292 0.877482 0 0 0 0 1 1 1 1
-4.65168 1.58429 -1.18554 -0.313562 -0.137662 -0.00943052 0 0 0 0 1 1 1 1
-2.62283 -2.85053 1.75971 -0.993844 0.679846 0.0969509 0 0 0 0 1 1 1 1
-0.459697 5.0743 0.788581 0.819348 -0.234004 -1.81107 0 0 0 0 1 1 1 1
2.34715 -4.27055 -0.988438 -0.110662 1.44755 -1.42135 0 0 0 0 1 1 1 1
1.14207 -0.282424 3.50937 1.00569 0.293771 -0.208113 0 0 0 0 1 1 1 1
-2.93118 5.20781 -5.6694 0.155399 1.21025 0.436089 0 0 0 0 1 1 1 1
-3.62011 -2.78419 -4.69629 -1.28474 -1.29626 -0.263024 0 0 0 0 1 1 1 1
-1.03902 2.87437 4.26829 -0.127078 -0.453392 0.283534 0 0 0 0 1 1 1 1
3.90632 -0.179103 1.06431 0.494562 -1.39723 -0.460799 0 0 0 0 1 1 1 1
-0.928227 0.34106 -5.15549 -0.268555 -0.257731 1.28382 0 0 0 0 1 1 1 1
-5.22198 0.690329 -3.51593 -0.221776 -0.692955 0.683602 0 0 0 0 1 1 1 1
-1.8976 2.50083 -0.871473 0.232298 -0.834968 0.871618 0 0 0 0 1 1 1 1
-6.07083 -2.28134 -1.78895 -0.142013 -0.939164 1.16581 0 0 0 0 1 1 1 1
2.09226 5.45371 1.62703 -1.70568 1.03034 -1.92167 0 0 0 0 1 1 1 1
4.15113 -0.953677 -1.81068 -1.28694 -1.23934 0.699354 0 0 0 0 1 1 1 1
-0.916263 -3.81096 2.55006 -0.0636263 0.408217 0.0035309 0 0 0 0 1 1 1 1
-5.3057 -6.27593 -3.48507 -2.2832 -0.502336 -0.787227 0 0 0 0 1 1 1 1
4.97335 2.7669 -1.39509 -2.41701 0.517556 -0.162149 0 0 0 0 1 1 1 1
-1.42567 -3.18495 -0.0753216 0.463001 0.479049 -0.690674 0 0 0 0 1 1 1 1
1.21433 -5.48872 -1.54276 0.958734 -0.97278 -0.0576602 0 0 0 0 1 1 1 1
2.70991 4.98605 2.39225 -0.311974 0.98776 -0.189035 0 0 0 0 1 1 1 1
2.76216 -2.42254 5.27537 0.231557 -1.57565 0.484076 0 0 0 0 1 1 1 1
-2.12026 -4.53334 -5.28721 0.485401 -0.504179 0.175479 0 0 0 0 1 1 1 1
-4.7526 -0.736093 2.47692 0.30733 0.754405 0.183151 0 0 0 0 1 1 1 1
1.07985 -3.51017 0.265543 1.17011 -1.71466 -0.912748 0 0 0 0 1 1 1 1
-3.25071 0.138239 -1.12403 -2.2898 -1.17985 1.35384 0 0 0 0 1 1 1 1
-0.561894 4.62006 -2.94616 -0.516883 1.48259 1.73578 0 0 0 0 1 1 1 1
-0.00314098 -2.43295 -4.45542 0.395944 0.997221 0.697278 0 0 0 0 1 1 1 1
-0.578763 2.10111 -3.43173 -0.150669 1.22445 -1.60684 0 0 0 0 1 1 1 1
-4.36007 1.36593 -3.4833 -0.314499 -1.21972 -1.02973 0 0 0 0 1 1 1 1
-2.48655 3.89886 1.37452 0.270603 -1.76648 -0.594713 0 0 0 0 1 1 1 1
-1.03142 -5.39464 -5.31189 1.35459 -0.624468 -0.708452 0 0 0 0 1 1 1 1
1.99303 0.0997771 -3.92663 1.06029 -0.827386 -1.10014 0 0 0 0 1 1 1 1
-6.10432 -0.895829 4.57963 1.5499 0.370117 0.820828 0 0 0 0 1 1 1 1
-3.11264 1.3713 4.46877 -0.787024 -0.920006 0.715566 0 0 0 0 1 1 1 1
-4.10585 2.07602 2.58273 -0.872575 -1.01651 0.293355 0 0 0 0 1 1 1 1
4.77056 -0.272108 -2.44282 -1.03239 1.33418 -1.69895 0 0 0 0 1 1 1 1
1.0985 -5.46038 -5.51258 -0.0754486 0.459581 -0.488543 0 0 0 0 1 1 1 1
4.87545 -1.4753 -4.44067 -0.976271 0.673418 0.691564 0 0 0 0 1 1 1 1
-5.96131 0.463878 -5.13125 -1.35575 -1.11562 1.08087 0 0 0 0 1 1 1 1
-4.10338 -1.43677 -6.13937 -0.291261 -0.258233 -0.235474 0 0 0 0 1 1 1 1
3.10922 4.12583 -4.78915 0.576364 -0.38542 -1.47393 0 0 0 0 1 1 1 1
3.79605 3.96884 0.202854 -0.187921 0.295377 0.53825 0 0 0 0 1 1 1 1
-6.24595 -5.64952 5.50471 -1.80499 0.405834 1.12392 0 0 0 0 1 1 1 1
0.487309 -3.6016 1.30613 -0.00206707 0.109594 -0.569926 0 0 0 0 1 1 1 1
4.7786 3.82129 -0.0268844 -0.679972 -1.17378 -0.439641 0 0 0 0 1 1 1 1
-3.66566 3.82355 -1.41021 -0.408397 -0.336095 -0.514688 0 0 0 0 1 1 1 1
-3.57904 5.17829 -4.57507 0.358734 -1.19235 1.19611 0 0 0 0 1 1 1 1
-5.44319 3.44208 0.721651 1.86105 -0.406871 -0.230897 0 0 0 0 1 1 1 1
5.14271 4.1748 1.13844 -0.446742 -1.19739 -0.737459 0 0 0 0 1 1 1 1
-0.288478 2.91915 -0.934436 -0.305924 -0.0363728 0.100347 0 0 0 0 1 1 1 1
2.28138 -5.50144 -5.74736 -0.252622 -0.263003 0.971705 0 0 0 0 1 1 1 1
0.46439 1.18991 -3.25085 -0.321291 0.197067 0.556001 0 0 0 0 1 1 1 1
2.71355 2.42264 3.33732 0.36721 -0.258001 1.29772 0 0 0 0 1 1 1 1
1.28084 0.373189 -4.8471 -0.977574 -0.00999157 0.637422 0 0 0 0 1 1 1 1
-5.73989 -4.61097 0.846622 -0.212902 -1.54926 0.961615 0 0 0 0 1 1 1 1
1.46147 2.4467 -2.82489 1.0187 -1.25794 -0.384747 0 0 0 0 1 1 1 1
3.55262 -5.72167 0.57427 -1.36825 -1.35246 -0.805459 0 0 0 0 1 1 1 1
-0.71363 -5.21301 -0.147272 -1.85796 1.00777 -0.655899 0 0 0 0 1 1 1 1
-5.21918 -1.70859 2.98427 -0.161535 0.777083 -0.216712 0 0 0 0 1 1 1 1
2.29885 2.34663 5.07858 -0.512282 0.699858 -0.813682 0 0 0 0 1 1 1 1
-4.9191 3.04606 5.1599 2.13434 0.535476 -0.15933 0 0 0 0 1 1 1 1
-0.970037 -4.17514 -3.66208 1.24677 1.10422 0.262453 0 0 0 0 1 1 1 1
-0.168784 1.36775 2.31509 -0.731748 -0.310016 -0.143124 0 0 0 0 1 1 1 1
1.82678 2.6906 4.06482 -1.55645 -0.93516 1.52028 0 0 0 0 1 1 1 1
-4.33284 -3.46185 2.09961 0.529518 -2.1454 0.359492 0 0 0 0 1 1 1 1
-3.45394 2.06799 -1.51581 0.186065 0.265224 -0.251552 0 0 0 0 1 1 1 1
1.05686 1.93177 4.82361 1.4745 0.908708 -0.820565 0 0 0 0 1 1 1 1
-4.87654 -0.499155 -3.42772 -0.772626 0.35953 -0.205474 0 0 0 0 1 1 1 1
-1.75843 -4.77317 2.86611 -0.880768 -0.457729 0.270058 0 0 0 0 1 1 1 1
-1.14819 -0.11617 -3.22592 -1.14409 -0.143084 2.31257 0 0 0 0 1 1 1 1
1.03036 -4.62282 -0.806582 0.178226 -0.500481 -2.23608 0 0 0 0 1 1 1 1
-4.77839 0.658581 4.22028 -0.71735 0.813924 -0.19182 0 0 0 0 1 1 1 1
2.67558 -3.03265 1.85175 -0.569739 0.0272664 -0.945729 0 0 0 0 1 1 1 1
-0.698744 2.71689 0.634616 -0.811273 0.130173 0.622801 0 0 0 0 1 1 1 1
-0.307269 -2.84797 2.16899 0.611906 -1.15151 -0.767188 0 0 0 0 1 1 1 1
-3.70952 3.41645 -3.67933 0.483393 -0.768981 -0.0392818 0 0 0 0 1 1 1 1
4.96498 2.60719 -5.33079 0.0248728 0.809956 0.753905 0 0 0 0 1 1 1 1
2.6268 -0.230456 -1.46478 -1.76113 0.385455 0.507548 0 0 0 0 1 1 1 1
0.228442 1.04871 -0.0917329 0.564137 -0.0111575 1.32542 0 0 0 0 1 1 1 1
-2.8275 1.49269 -2.15399 -0.122476 0.136093 -1.51332 0 0 0 0 1 1 1 1
1.20419 -5.34313 1.59336 1.65292 -0.749441 -1.11177 0 0 0 0 1 1 1 1
-2.01224 2.3908 4.14165 1.36741 -0.0454748 0.80609 0 0 0 0 1 1 1 1
-4.96785 -2.51481 3.95665 1.217 0.442248 0.143204 0 0 0 0 1 1 1 1
-5.65854 -5.01925 -3.72175 0.1552 -0.305379 -1.43524 0 0 0 0 1 1 1 1
4.52875 0.964355 1.3429 0.525327 0.852914 2.68455 0 0 0 0 1 1 1 1
2.39191 3.17651 0.743926 -0.738251 0.997716 0.882443 0 0 0 0 1 1 1 1
-0.553083 -6.51149 3.8603 -0.269563 -0.0755426 0.307884 0 0 0 0 1 1 1 1
0.385231 0.788842 -2.12643 1.18945 0.0409871 1.18113 0 0 0 0 1 1 1 1
-1.2715 3.59746 2.56493 -1.01395 -0.739107 -1.44492 0 0 0 0 1 1 1 1
-2.2128 2.5948 -2.94551 0.51256 2.13831 0.468935 0 0 0 0 1 1 1 1
-4.74786 -5.33563 2.25517 0.343998 2.1286 0.842852 0 0 0 0 1 1 1 1
2.50994 -2.31536 2.92797 0.998415 0.025012 -1.60713 0 0 0 0 1 1 1 1
-5.31842 -1.18921 -0.801691 -1.30523 0.799342 0.888553 0 0 0 0 1 1 1 1
2.62056 -5.81788 0.0256535 1.02738 0.650382 0.0283806 0 0 0 0 1 1 1 1
2.29703 -0.226963 -5.10044 1.45554 0.761246 0.0750947 0 0 0 0 1 1 1 1
-5.5312 -0.206087 3.8806 0.573703 1.72618 1.84276 0 0 0 0 1 1 1 1
-3.76014 0.695946 -0.291367 -0.790629 -1.68317 0.107375 0 0 0 0 1 1 1 1
-2.6107 -1.72282 0.157565 0.150688 2.03929 -1.28433 0 0 0 0 1 1 1 1
1.19117 2.14872 3.22502 -0.283478 -0.0758825 1.52673 0 0 0 0 1 1 1 1
3.97947 3.48107 -0.82177 0.625912 -0.175303 0.754078 0 0 0 0 1 1 1 1
4.4054 3.73265 4.2863 -0.323722 0.737635 0.930301 0 0 0 0 1 1 1 1
-1.66818 -3.15614 1.00052 2.49011 1.04963 -0.781481 0 0 0 0 1 1 1 1
4.35252 4.82971 0.893913 -0.398311 1.42993 -1.69459 0 0 0 0 1 1 1 1
3.2238 -5.2943 -5.09685 -0.667632 0.159244 1.28076 0 0 0 0 1 1 1 1
-2.70254 -5.26105 3.78744 -2.55318 -0.174873 -0.72699 0 0 0 0 1 1 1 1
-2.5619 -4.21781 4.14524 -3.33527 1.5511 0.41333 0 0 0 0 1 1 1 1
-5.84288 2.64833 -2.78515 -1.4421 -1.25048 0.519861 0 0 0 0 1 1 1 1
-0.126276 -3.01135 -3.33525 0.0155164 0.760313 -0.482815 0 0 0 0 1 1 1 1
-1.59267 0.589465 4.45768 -0.661305 2.23796 -1.17748 0 0 0 0 1 1 1 1
2.29023 3.47885 -3.15149 1.35462 -0.530776 0.0937694 0 0 0 0 1 1 1 1
-0.673348 1.54385 -4.34574 1.34415 -0.484457 1.35071 0 0 0 0 1 1 1 1
-4.49804 5.02399 1.95007 0.545552 -0.958258 -0.190175 0 0 0 0 1 1 1 1
-5.6218 -4.49099 3.71861 -0.613757 -0.519151 0.512708 0 0 0 0 1 1 1 1
-4.13415 3.23806 2.64187 -0.0247893 -0.493342 0.00660874 0 0 0 0 1 1 1 1
0.835943 -5.59691 0.10064 -0.74791 1.31023 2.04359 0 0 0 0 1 1 1 1
-1.28899 2.09136 -4.89402 -0.467927 0.180854 -0.318998 0 0 0 0 1 1 1 1
-5.18858 -2.13835 -1.21022 0.0677066 -0.57816 -1.6365 0 0 0 0 1 1 1 1
3.80788 -4.11563 0.507285 -0.00187814 0.103207 -1.27561 0 0 0 0 1 1 1 1
-5.50105 -0.247126 -1.23536 0.654304 -0.824681 -2.37224 0 0 0 0 1 1 1 1
-0.119187 -0.276929 -4.74799 1.56246 1.63053 0.455623 0 0 0 0 1 1 1 1
2.57149 2.95928 -2.31628 1.27937 -0.0580136 -0.0713703 0 0 0 0 1 1 1 1
-5.46244 0.668545 5.16915 -0.391042 0.624947 -0.767063 0 0 0 0 1 1 1 1
-2.99268 2.77211 0.465426 0.135944 -0.169654 0.632193 0 0 0 0 1 1 1 1
2.00111 -0.678986 3.9193 -1.23916 0.621585 -1.07394 0 0 0 0 1 1 1 1
-5.26128 2.46679 -1.70755 -1.48235 0.628336 -0.73978 0 0 0 0 1 1 1 1
1.34037 -2.972 -1.54145 0.771907 -0.410636 -1.23965 0 0 0 0 1 1 1 1
-3.42308 -3.23362 1.16174 1.14935 0.385694 -2.3205 0 0 0 0 1 1 1 1
-0.329552 -0.985241 -5.56606 -0.625112 -0.149943 -1.05334 0 0 0 0 1 1 1 1
-1.27986 3.93581 -5.14369 -2.20504 1.59342 -0.360203 0 0 0 0 1 1 1 1
-1.77022 -5.82025 -4.39303 0.087141 -0.288911 -0.320245 0 0 0 0 1 1 1 1
-1.59149 4.69795 0.880439 -1.12838 1.65818 -0.281547 0 0 0 0 1 1 1 1
-3.58192 4.42303 4.00898 -0.142504 0.134849 -0.0466895 0 0 0 0 1 1 1 1
-0.0450672 2.32763 -2.57216 -0.0168642 0.259542 1.44893 0 0 0 0 1 1 1 1
-5.2454 -5.50005 1.41107 -0.327447 1.45632 -0.604176 0 0 0 0 1 1 1 1
3.47767 -3.84622 -2.62613 -0.815747 -1.14336 0.572476 0 0 0 0 1 1 1 1
-2.85362 -5.25981 -4.70156 0.0480976 -0.222925 -0.255122 0 0 0 0 1 1 1 1
4.65656 -6.21318 -4.89324 -0.599713 -1.0151 -0.180155 0 0 0 0 1 1 1 1
3.83961 0.564586 -4.4897 2.06603 -0.736033 -0.175365 0 0 0 0 1 1 1 1
0.867554 1.16435 3.48858 1.08273 0.451356 1.36378 0 0 0 0 1 1 1 1
-3.16497 -4.64261 -0.558372 0.972167 -2.06604 -0.983263 0 0 0 0 1 1 1 1
0.441819 -3.61988 -0.732419 -0.447422 0.990423 0.329381 0 0 0 0 1 1 1 1
1.84986 0.512807 2.90662 -1.46069 -0.546523 -0.228987 0 0 0 0 1 1 1 1
-6.26701 -5.21238 -4.81958 -0.781937 1.06058 0.336699 0 0 0 0 1 1 1 1
3.98335 -2.3479 0.902048 -0.934572 -0.33122 -0.823592 0 0 0 0 1 1 1 1
1.36351 3.6573 -2.35977 0.269129 0.732633 -0.203044 0 0 0 0 1 1 1 1
1.23097 -3.71805 -2.24009 -0.476488 -1.01831 -2.7022 0 0 0 0 1 1 1 1
2.20872 -0.498045 5.14964 -1.77294 0.00850331 -0.69413 0 0 0 0 1 1 1 1
5.27953 0.798604 -3.94991 0.675269 1.24266 2.58942 0 0 0 0 1 1 1 1
-2.49294 4.92321 -4.73289 -0.234773 0.615757 1.63964 0 0 0 0 1 1 1 1
-3.90245 1.87381 3.63417 1.03626 -2.55307 -0.716187 0 0 0 0 1 1 1 1
2.07748 1.37882 -2.17863 -0.783553 -0.741827 1.30718 0 0 0 0 1 1 1 1
1.58396 -3.70454 3.76901 -0.57921 0.662653 0.53528 0 0 0 0 1 1 1 1
3.02501 -3.43924 -5.71064 -0.190031 2.17413 -2.7285 0 0 0 0 1 1 1 1
-4.55631 3.37068 -1.93232 0.861124 1.09283 -2.03051 0 0 0 0 1 1 1 1
-3.87748 1.67736 -0.479277 -0.0295526 -0.766772 0.804906 0 0 0 0 1 1 1 1
3.46251 -4.49856 1.72651 0.177869 -1.44868 -1.28755 0 0 0 0 1 1 1 1
-0.269284 -6.10968 -0.368425 -1.06792 -1.44973 -1.16525 0 0 0 0 1 1 1 1
-0.452358 -4.94627 3.43499 -0.572888 0.0885754 0.0995501 0 0 0 0 1 1 1 1
-3.83256 1.24584 -2.3217 0.792606 -0.4716 -1.07058 0 0 0 0 1 1 1 1
-0.407472 -3.07779 3.36794 -0.0548996 -0.299937 -0.226917 0 0 0 0 1 1 1 1
-1.13731 -0.580943 -4.31614 -2.23185 0.631199 -0.780617 0 0 0 0 1 1 1 1
-3.30241 -1.13132 -2.51077 -0.557167 0.626402 0.791973 0 0 0 0 1 1 1 1
-1.501 -0.0409197 -0.00772231 0.657175 0.320368 -0.983893 0 0 0 0 1 1 1 1
-3.45558 1.07672 2.59279 0.822336 1.23001 0.00314511 0 0 0 0 1 1 1 1
-3.68033 4.01731 3.10398 0.364903 0.0994085 0.969362 0 0 0 0 1 1 1 1
-0.435374 0.155835 2.85978 -2.04163 -0.609571 0.0196719 0 0 0 0 1 1 1 1
-5.79698 1.23835 3.11454 -0.753726 -1.30352 0.0767699 0 0 0 0 1 1 1 1
0.749734 4.19759 -1.00442 -1.01644 -0.543963 0.216208 0 0 0 0 1 1 1 1
2.68146 3.20066 4.42145 0.672375 0.361997 -1.11227 0 0 0 0 1 1 1 1
3.28158 -1.34421 -1.23223 -2.5074 0.144867 -1.60088 0 0 0 0 1 1 1 1
-4.69538 -2.38132 -3.45246 0.684037 -1.2884 -0.117192 0 0 0 0 1 1 1 1
-4.45493 -2.92239 1.08954 2.2179 -2.04275 1.96236 0 0 0 0 1 1 1 1
-5.40855 -2.6776 -2.50296 0.541415 -2.11614 -0.527032 0 0 0 0 1 1 1 1
-2.23795 -3.28559 -3.62041 0.247299 -1.54852 0.709598 0 0 0 0 1 1 1 1
1.63673 -2.14972 -3.13969 -1.0712 0.167187 -0.116629 0 0 0 0 1 1 1 1
4.08632 4.15232 -4.35072 -0.904956 -1.47784 -0.167049 0 0 0 0 1 1 1 1
4.41455 0.665797 4.44592 -0.826044 1.18311 -0.401028 0 0 0 0 1 1 1 1
-5.7025 2.34462 3.04375 1.16699 -1.27671 0.491135 0 0 0 0 1 1 1 1
4.73786 -0.356391 -1.01066 0.586496 0.143124 -1.60009 0 0 0 0 1 1 1 1
0.652756 -4.89015 -3.39962 -1.73552 1.12301 -1.23336 0 0 0 0 1 1 1 1
-1.62953 2.96285 -3.97208 0.261734 -1.64037 -1.47757 0 0 0 0 1 1 1 1
5.16875 -2.40436 3.35658 1.95198 1.23941 0.543198 0 0 0 0 1 1 1 1
3.84431 -2.03405 3.62784 -0.0869821 -0.36098 -2.04085 0 0 0 0 1 1 1 1
-4.69527 -5.31902 3.42141 0.309411 -0.0612735 -0.381834 0 0 0 0 1 1 1 1
2.42893 -5.57685 3.20627 0.474797 0.619189 0.501843 0 0 0 0 1 1 1 1
4.04017 -1.60541 0.0460129 1.57899 -1.44598 -0.417054 0 0 0 0 1 1 1 1
0.71077 1.49562 -4.3355 0.373262 -0.082823 -1.64359 0 0 0 0 1 1 1 1
-5.52829 2.51674 4.03498 -0.330286 0.841881 -0.188234 0 0 0 0 1 1 1 1
4.40869 0.19098 -3.47727 -1.23879 -1.62064 -0.628464 0 0 0 0 1 1 1 1
-3.5626 5.19465 -1.11546 -0.2794 0.542858 -0.0365099 0 0 0 0 1 1 1 1
-3.88526 -6.13873 -3.46821 0.474831 -0.266557 -0.777531 0 0 0 0 1 1 1 1
2.99023 -0.0543239 4.56128 0.126694 -0.420263 2.30011 0 0 0 0 1 1 1 1
4.11428 -4.76759 -2.48106 -0.606695 -1.36349 -0.730685 0 0 0 0 1 1 1 1
4.17568 4.83346 -2.38848 1.94556 1.41981 -0.604514 0 0 0 0 1 1 1 1
0.472337 -6.12276 1.15401 -0.795245 -1.20123 -0.94861 0 0 0 0 1 1 1 1
-2.69018 -0.976454 -5.75238 0.436678 1.09251 -0.0338169 0 0 0 0 1 1 1 1
0.934217 0.0657344 -2.82933 1.05491 -0.190636 0.287171 0 0 0 0 1 1 1 1
3.35727 -3.41254 -3.94529 0.186791 0.25604 0.568575 0 0 0 0 1 1 1 1
-1.88951 -3.82662 -1.8092 -0.734589 -1.24357 -0.347247 0 0 0 0 1 1 1 1
-1.22833 -0.830381 -1.03301 0.928742 1.23485 0.22196 0 0 0 0 1 1 1 1
-4.94028 5.06243 2.87609 -0.940468 -1.23698 1.23632 0 0 0 0 1 1 1 1
1.27834 -2.30973 0.994516 -1.81367 2.11176 1.83142 0 0 0 0 1 1 1 1
-3.35805 0.684094 -5.54159 0.392434 -2.37156 1.26811 0 0 0 0 1 1 1 1
-1.63988 -1.6035 3.36432 -2.36864 2.27547 2.00148 0 0 0 0 1 1 1 1
4.9093 -3.76576 2.73127 0.427379 1.71637 -0.357996 0 0 0 0 1 1 1 1
3.27682 4.70317 -1.63511 -0.683261 -0.767143 -1.57245 0 0 0 0 1 1 1 1
2.29473 -4.69602 1.06645 0.324476 1.39976 1.04504 0 0 0 0 1 1 1 1
-3.73242 -3.88775 -4.44226 -0.257667 -0.804916 -0.793301 0 0 0 0 1 1 1 1
-4.2717 2.37003 -2.22274 -1.56195 0.110559 -0.301217 0 0 0 0 1 1 1 1
1.40866 2.1406 -5.14248 -0.557989 1.46022 0.357109 0 0 0 0 1 1 1 1
0.753995 4.18686 4.77756 -0.310069 -0.109562 0.349604 0 0 0 0 1 1 1 1
0.13139 -4.07175 2.86498 1.36253 -0.34147 -0.276403 0 0 0 0 1 1 1 1
-5.76061 4.61103 0.378776 0.161729 0.276918 1.63982 0 0 0 0 1 1 1 1
-5.96622 -0.957693 3.12195 -1.17997 1.70535 0.328277 0 0 0 0 1 1 1 1
-1.78071 -4.49773 4.96338 2.03723 0.212811 0.0442102 0 0 0 0 1 1 1 1
-1.60153 -6.13635 -0.100024 1.45547 -2.8059 0.879353 0 0 0 0 1 1 1 1
3.04928 4.08188 -2.53863 0.610519 0.885134 -1.88593 0 0 0 0 1 1 1 1
-0.377643 1.95324 -0.372472 -0.769226 1.67611 -0.690022 0 0 0 0 1 1 1 1
-4.53348 -1.43788 -1.61247 -0.103114 -1.15432 1.04263 0 0 0 0 1 1 1 1
-4.75685 4.38964 -1.62105 -0.822416 1.41002 0.500035 0 0 0 0 1 1 1 1
1.00545 3.49769 -3.45196 -0.871247 -1.37754 0.154411 0 0 0 0 1 1 1 1
-2.00214 -1.37011 0.882179 0.630134 0.319853 0.210078 0 0 0 0 1 1 1 1
-2.09725 -5.93152 -1.63587 -0.100072 -1.63443 -0.244218 0 0 0 0 1 1 1 1
3.88322 2.85802 1.64572 -0.787584 0.710834 -0.308358 0 0 0 0 1 1 1 1
0.701188 0.659459 4.59971 -0.728361 0.0101979 0.992985 0 0 0 0 1 1 1 1
-4.47965 4.68268 -0.52122 1.26048 -0.613752 -1.99929 0 0 0 0 1 1 1 1
0.792479 -5.3848 -4.499 -0.0429969 0.772925 -0.311551 0 0 0 0 1 1 1 1
-2.57845 4.06 -5.7263 -0.77252 -0.451187 -0.602708 0 0 0 0 1 1 1 1
-0.190774 -1.09039 2.65253 -0.75387 -0.800157 -0.706321 0 0 0 0 1 1 1 1
-3.89812 0.735382 -1.44417 -1.83038 1.1182 -0.904528 0 0 0 0 1 1 1 1
4.55078 -4.3671 4.99419 -0.351088 -0.216437 0.706149 0 0 0 0 1 1 1 1
4.42275 -3.73426 -0.806497 -0.801551 0.851511 0.356088 0 0 0 0 1 1 1 1
1.65079 0.608762 5.16655 0.72111 -1.74011 0.462074 0 0 0 0 1 1 1 1
2.74583 -4.62721 -4.05013 -0.624663 0.189517 -1.23354 0 0 0 0 1 1 1 1
4.76543 0.521515 -1.54232 -0.379386 0.123896 1.64406 0 0 0 0 1 1 1 1
-5.47556 3.88222 -5.01821 -0.948718 1.139 -0.758927 0 0 0 0 1 1 1 1
-2.48301 2.15694 2.2465 -1.05261 0.219393 1.5668 0 0 0 0 1 1 1 1
0.631477 -4.94575 -2.32378 -0.50286 -0.554116 -1.13527 0 0 0 0 1 1 1 1
-3.19574 2.90218 -2.60974 0.0768656 0.297512 -1.12441 0 0 0 0 1 1 1 1
-5.31175 2.84988 -5.18241 1.61569 -0.118473 0.616883 0 0 0 0 1 1 1 1
1.72979 -3.2227 1.035 -0.871629 -1.13613 0.572292 0 0 0 0 1 1 1 1
2.52319 5.02929 -3.2414 2.10184 0.0314848 0.348378 0 0 0 0 1 1 1 1
-1.04988 -6.1739 -1.01113 -0.530724 0.727379 0.15824 0 0 0 0 1 1 1 1
-5.73909 0.779133 -0.482412 -1.91842 -0.0982763 -1.22738 0 0 0 0 1 1 1 1
1.22959 -0.89941 4.65512 0.160199 0.540884 0.81121 0 0 0 0 1 1 1 1
-5.74338 4.71698 -5.51659 0.582392 -0.412675 -0.594971 0 0 0 0 1 1 1 1
1.83864 1.25507 -4.57537 -0.0839542 -1.03579 0.251272 0 0 0 0 1 1 1 1
-0.0199208 5.13457 4.71511 0.371237 0.0764924 1.5024 0 0 0 0 1 1 1 1
0.685239 -3.24736 2.44993 1.07365 0.790048 1.48132 0 0 0 0 1 1 1 1
-1.57051 4.80374 5.2393 2.37503 0.314969 1.72426 0 0 0 0 1 1 1 1
4.41818 2.47826 -2.53455 0.55165 0.715184 1.3428 0 0 0 0 1 1 1 1
3.98264 -1.32705 -4.06432 -0.649976 0.305796 0.0671866 0 0 0 0 1 1 1 1
4.7776 -4.01275 0.657278 1.01342 -0.824629 -0.305586 0 0 0 0 1 1 1 1
1.81879 4.39718 -5.65892 -0.931457 -1.07142 0.691023 0 0 0 0 1 1 1 1
2.98296 -4.47756 3.25239 1.56661 -0.124991 -0.201675 0 0 0 0 1 1 1 1
-4.75314 -4.19032 1.44311 2.45002 0.169779 0.506947 0 0 0 0 1 1 1 1
-2.73716 -2.08536 -1.38948 -0.528496 -0.408177 0.665963 0 0 0 0 1 1 1 1
2.75309 -3.4127 4.32481 -0.0250543 -0.0408422 -0.829458 0 0 0 0 1 1 1 1
-6.17209 3.51258 -2.39994 -0.251787 -0.225947 0.97783 0 0 0 0 1 1 1 1
-3.67515 1.99306 -4.98674 -1.08377 0.005686 -0.528579 0 0 0 0 1 1 1 1
4.57387 3.32045 5.34172 -0.836686 -0.628134 -0.854116 0 0 0 0 1 1 1 1
0.305869 3.30511 -2.75284 2.05173 -1.038 -1.38196 0 0 0 0 1 1 1 1
-5.78761 -2.83542 -5.0937 0.384495 0.755937 1.16433 0 0 0 0 1 1 1 1
2.02434 -0.797852 -0.0234983 -1.42687 -0.539975 0.755406 0 0 0 0 1 1 1 1
-2.55591 -2.69382 0.641747 -1.01466 0.168193 1.07648 0 0 0 0 1 1 1 1
3.22314 -5.59563 1.91857 -0.287331 0.548612 -0.597905 0 0 0 0 1 1 1 1
-2.59774 -2.94286 -4.52347 0.796897 0.604606 -0.671764 0 0 0 0 1 1 1 1
2.48736 0.188677 0.671575 0.292884 0.717878 1.22849 0 0 0 0 1 1 1 1
3.05891 -1.43287 2.95532 -0.425949 0.116391 0.445885 0 0 0 0 1 1 1 1
-4.86882 1.26306 2.37408 -2.34551 1.28107 -1.32297 0 0 0 0 1 1 1 1
-3.68294 4.76685 1.25131 0.566859 -0.191703 -0.312836 0 0 0 0 1 1 1 1
-3.90915 -0.106224 -4.73928 -1.37251 -0.559287 -0.897614 0 0 0 0 1 1 1 1
1.55101 -4.53935 -2.98311 0.992579 -1.74952 1.35418 0 0 0 0 1 1 1 1
-5.66803 1.59679 -5.36505 -0.00891554 -0.516761 1.22578 0 0 0 0 1 1 1 1
3.82575 -0.323506 -0.198129 -0.478211 -1.22942 0.0307844 0 0 0 0 1 1 1 1
-4.36534 -3.40121 -5.22055 2.44233 0.0670685 1.35488 0 0 0 0 1 1 1 1
-4.86763 -1.46001 1.05462 2.38711 0.140517 -0.422028 0 0 0 0 1 1 1 1
-5.17295 -3.56603 -0.641281 1.53199 -0.679759 -0.847608 0 0 0 0 1 1 1 1
-1.9054 -2.21725 1.39367 1.13685 -1.08416 -1.29174 0 0 0 0 1 1 1 1
-4.71122 1.08715 0.205458 -0.196836 -0.561807 0.608439 0 0 0 0 1 1 1 1
-2.55877 -0.355167 0.440178 0.950801 0.36991 -1.83899 0 0 0 0 1 1 1 1
-0.501846 2.15797 1.57593 0.0824249 -0.592161 0.355673 0 0 0 0 1 1 1 1
3.56665 5.23578 -4.39817 -1.12362 -0.184327 2.20468 0 0 0 0 1 1 1 1
0.333199 4.23425 -2.20096 1.39261 -0.318395 1.88214 0 0 0 0 1 1 1 1
-2.40671 0.867788 -3.09772 0.0241099 0.974952 -0.0069428 0 0 0 0 1 1 1 1
-5.88106 -0.179117 -3.27731 1.51163 -0.932673 -1.62149 0 0 0 0 1 1 1 1
-3.92133 -3.44602 3.0249 -1.06382 0.151605 0.849719 0 0 0 0 1 1 1 1
-2.19909 -1.51593 -2.37002 0.95321 1.71622 1.999 0 0 0 0 1 1 1 1
0.871467 -1.83814 3.94987 -0.809113 1.76712 2.12271 0 0 0 0 1 1 1 1
-0.305078 -2.71533 4.38962 -1.11674 -1.75268 -0.799448 0 0 0 0 1 1 1 1
-6.22607 -3.17798 5.07792 -1.92955 1.1055 -1.2952 0 0 0 0 1 1 1 1
4.2725 2.98031 -4.25143 1.28555 0.836129 -1.74968 0 0 0 0 1 1 1 1
-2.9006 -2.28522 3.20634 0.704609 -0.769365 -1.09191 0 0 0 0 1 1 1 1
-5.47113 1.90884 -0.462964 0.445072 -1.98752 -0.160718 0 0 0 0 1 1 1 1
-2.58552 -4.51503 2.10364 -1.878 0.779916 -0.502662 0 0 0 0 1 1 1 1
-4.48976 -4.14211 3.90726 -0.96326 -0.889932 0.594275 0 0 0 0 1 1 1 1
4.80691 -0.287369 0.45715 1.54148 -1.67729 0.903625 0 0 0 0 1 1 1 1
-4.51823 2.68809 3.70839 -0.219681 -0.975083 -0.748039 0 0 0 0 1 1 1 1
0.85557 -2.68135 -0.483932 -1.62145 -0.406606 0.590451 0 0 0 0 1 1 1 1
3.81401 0.422998 1.9619 0.272696 2.03534 -0.340452 0 0 0 0 1 1 1 1
-0.997218 4.10747 1.51945 0.338159 0.451672 -0.142674 0 0 0 0 1 1 1 1
-4.6853 4.50555 3.68146 -0.654069 -2.18462 -0.51472 0 0 0 0 1 1 1 1
0.141045 -0.955469 3.87353 1.24901 1.01817 -0.375676 0 0 0 0 1 1 1 1
-0.177956 4.12808 2.48333 0.947252 0.913571 0.16026 0 0 0 0 1 1 1 1
-2.21765 -0.889642 -4.23523 -0.0427696 1.59559 0.794945 0 0 0 0 1 1 1 1
0.465137 3.52041 -0.247173 -0.532947 -1.78833 0.0325128 0 0 0 0 1 1 1 1
-5.63522 -5.6179 3.20252 -0.56047 -0.0919989 -0.157793 0 0 0 0 1 1 1 1
-5.45149 -4.8016 -2.72608 0.513223 -0.889913 -0.457715 0 0 0 0 1 1 1 1
4.63346 0.756791 0.104781 1.69429 -0.158603 -0.826671 0 0 0 0 1 1 1 1
2.8705 0.00595845 -0.53943 -1.11773 0.439009 -0.722639 0 0 0 0 1 1 1 1
-3.50974 -3.43213 -5.66846 -0.0865073 -1.53921 -0.726197 0 0 0 0 1 1 1 1
-2.71075 2.54654 5.44971 1.12388 1.19498 -0.496962 0 0 0 0 1 1 1 1
3.80786 -3.31965 1.92617 2.56602 0.387862 -0.7323 0 0 0 0 1 1 1 1
5.2903 4.63544 -2.19561 1.35249 -0.899776 0.0129037 0 0 0 0 1 1 1 1
0.925369 0.461475 2.64799 -1.76079 1.41681 -0.650177 0 0 0 0 1 1 1 1
0.440859 -2.88501 5.02126 -0.0688236 -0.722275 -0.144651 0 0 0 0 1 1 1 1
-2.87614 1.00332 -0.628138 0.393794 0.825573 -1.01235 0 0 0 0 1 1 1 1
1.36666 4.80268 -1.87538 -1.59754 -0.314347 -0.406585 0 0 0 0 1 1 1 1
-5.64758 -0.238996 -0.166559 -0.225562 1.07999 1.89815 0 0 0 0 1 1 1 1
-3.16933 -0.282575 3.49845 0.35144 0.485495 -0.878961 0 0 0 0 1 1 1 1
-0.554073 3.19987 1.88916 0.00878245 -0.0590121 0.829862 0 0 0 0 1 1 1 1
3.39135 2.97098 0.384183 0.51785 -0.203562 1.51346 0 0 0 0 1 1 1 1
2.5311 0.899778 4.40454 -2.37119 -0.421801 -0.418387 0 0 0 0 1 1 1 1
3.51241 2.72717 3.79444 -0.515515 0.177833 1.28352 0 0 0 0 1 1 1 1
3.57215 -4.28073 -4.72256 -0.420103 -0.168146 0.00202845 0 0 0 0 1 1 1 1
-2.02984 -4.50036 -3.33405 -1.3676 -2.1166 1.51702 0 0 0 0 1 1 1 1
-6.58711 3.1541 -3.31795 0.0248358 0.0186491 0.414964 0 0 0 0 1 1 1 1
4.04685 -3.23346 4.93274 0.417744 0.357988 1.78157 0 0 0 0 1 1 1 1
-2.80668 3.76914 3.69415 0.110297 0.450645 -0.442616 0 0 0 0 1 1 1 1
4.58025 1.47543 3.44591 -0.114729 -1.84573 -1.78198 0 0 0 0 1 1 1 1
-1.05295 -3.17842 5.19401 -0.157789 0.478111 0.0822715 0 0 0 0 1 1 1 1
-3.34107 -2.15911 -5.55298 -0.00512977 -1.0083 -0.26625 0 0 0 0 1 1 1 1
3.96365 1.47629 -3.90704 -0.469189 -0.111091 -1.38134 0 0 0 0 1 1 1 1
-3.8005 -4.76076 3.41218 1.76119 1.15027 -0.277388 0 0 0 0 1 1 1 1
0.668007 -6.14428 -0.863717 0.293086 -0.900786 -0.907852 0 0 0 0 1 1 1 1
3.79505 -2.51782 -5.67233 0.587985 -0.215334 -0.161478 0 0 0 0 1 1 1 1
1.94976 0.524733 -2.93394 -0.890025 0.00553314 0.261483 0 0 0 0 1 1 1 1
-1.46654 -4.63907 -0.495829 0.700439 -0.343156 0.379777 0 0 0 0 1 1 1 1
-3.00657 0.0708337 -3.79323 -0.293806 -0.794321 0.97419 0 0 0 0 1 1 1 1
-4.52271 -4.44898 -3.75632 -0.135122 1.53173 -0.337722 0 0 0 0 1 1 1 1
-3.61102 -2.1134 1.20471 0.14913 -1.13094 -0.571528 0 0 0 0 1 1 1 1
-1.9742 -2.55405 -2.08273 -1.37905 -0.654605 0.0858579 0 0 0 0 1 1 1 1
5.28539 -1.62818 1.68816 0.805799 1.34206 1.15454 0 0 0 0 1 1 1 1
3.17892 3.28207 -4.14444 -0.88229 0.806816 -0.825266 0 0 0 0 1 1 1 1
-2.11385 -0.556518 1.6045 0.815723 0.826518 0.616216 0 0 0 0 1 1 1 1
3.36345 2.84359 2.69228 0.700451 -1.34102 -0.556871 0 0 0 0 1 1 1 1
